flow5 v7.57

 Calculated polar for: NACA 0024

 1 1 Reynolds number fixed          Mach number fixed         

 xtrf =   1.000 (top)        1.000 (bottom)
 Mach =   0.000     Re =     1.000 e 6     Ncrit =   9.000

  alpha     CL        CD       CDp       Cm    Top Xtr Bot Xtr   Cpmin    Chinge    XCp    
 ------- -------- --------- --------- -------- ------- ------- -------- --------- ---------
  -6.000  -0.6000   0.01011   0.00443  -0.0151  0.7635  0.2886  -1.7784   0.0000   0.2044
  -5.000  -0.5081   0.00966   0.00392  -0.0112  0.7126  0.3175  -1.5870   0.0000   0.2084
  -4.000  -0.4096   0.00933   0.00353  -0.0084  0.6634  0.3486  -1.4086   0.0000   0.2104
  -3.000  -0.3092   0.00907   0.00323  -0.0060  0.6164  0.3811  -1.2461   0.0000   0.2120
  -2.000  -0.2069   0.00892   0.00303  -0.0039  0.5719  0.4154  -1.0983   0.0000   0.2130
  -1.000  -0.1036   0.00881   0.00291  -0.0019  0.5297  0.4517  -0.9647   0.0000   0.2135
   0.000  -0.0000   0.00877   0.00287   0.0000  0.4897  0.4897  -0.8439   0.0000   0.4545
   1.000   0.1036   0.00881   0.00291   0.0019  0.4517  0.5297  -0.9647   0.0000   0.2135
   2.000   0.2069   0.00892   0.00303   0.0039  0.4154  0.5719  -1.0983   0.0000   0.2130
   3.000   0.3092   0.00907   0.00323   0.0060  0.3811  0.6164  -1.2461   0.0000   0.2120
   4.000   0.4097   0.00933   0.00353   0.0084  0.3486  0.6634  -1.4086   0.0000   0.2104
   5.000   0.5082   0.00966   0.00392   0.0111  0.3175  0.7126  -1.5871   0.0000   0.2084
   6.000   0.6002   0.01011   0.00443   0.0150  0.2885  0.7635  -1.7786   0.0000   0.2045
   7.000   0.6889   0.01068   0.00510   0.0194  0.2615  0.8150  -1.9853   0.0000   0.2005
   8.000   0.7779   0.01153   0.00603   0.0232  0.2359  0.8651  -2.2122   0.0000   0.1977
   9.000   0.8611   0.01262   0.00719   0.0278  0.2125  0.9123  -2.4507   0.0000   0.1941
  10.000   0.9347   0.01403   0.00865   0.0338  0.1916  0.9562  -2.6949   0.0000   0.1889
  11.000   1.0222   0.01598   0.01056   0.0358  0.1716  0.9862  -2.9763   0.0000   0.1887
  12.000   1.1379   0.01857   0.01308   0.0305  0.1522  0.9954  -3.3218   0.0000   0.1959
  13.000   1.2138   0.02151   0.01601   0.0312  0.1372  1.0000  -3.6211   0.0000   0.1954
  14.000   1.2351   0.02492   0.01945   0.0406  0.1262  1.0000  -3.8353   0.0000   0.1859


