flow5 v7.57

 Calculated polar for: NACA 1412

 1 1 Reynolds number fixed          Mach number fixed         

 xtrf =   1.000 (top)        1.000 (bottom)
 Mach =   0.000     Re =     0.500 e 6     Ncrit =   9.000

  alpha     CL        CD       CDp       Cm    Top Xtr Bot Xtr   Cpmin    Chinge    XCp    
 ------- -------- --------- --------- -------- ------- ------- -------- --------- ---------
  -6.000  -0.6017   0.01212   0.00554  -0.0169  0.9917  0.0761  -2.7252   0.0000   0.2148
  -5.000  -0.4564   0.01061   0.00431  -0.0247  0.9801  0.1334  -2.0486   0.0000   0.1890
  -3.000  -0.1942   0.00802   0.00270  -0.0332  0.9392  0.3768  -1.0702   0.0000   0.0716
  -2.000  -0.0896   0.00705   0.00223  -0.0309  0.8951  0.5354  -0.7629   0.0000  -0.1052
  -1.000   0.0138   0.00643   0.00198  -0.0281  0.8360  0.6899  -0.5333   0.0000   2.3135
   0.000   0.1169   0.00620   0.00195  -0.0249  0.7639  0.8229  -0.4786   0.0000   0.4619
   1.000   0.2201   0.00645   0.00213  -0.0215  0.6825  0.9204  -0.5937   0.0000   0.3445
   2.000   0.3424   0.00707   0.00244  -0.0227  0.5945  0.9719  -0.7744   0.0000   0.3123
   3.000   0.4970   0.00783   0.00280  -0.0318  0.4963  0.9922  -1.0943   0.0000   0.3095
   4.000   0.6248   0.00855   0.00314  -0.0358  0.3942  1.0000  -1.4976   0.0000   0.3021
   5.000   0.7132   0.00957   0.00371  -0.0316  0.2835  1.0000  -1.9143   0.0000   0.2883
   6.000   0.7982   0.01107   0.00468  -0.0269  0.1711  1.0000  -2.3972   0.0000   0.2767
   7.000   0.8827   0.01285   0.00604  -0.0222  0.0949  1.0000  -2.9483   0.0000   0.2672
   8.000   0.9698   0.01471   0.00776  -0.0182  0.0609  1.0000  -3.5745   0.0000   0.2596
   9.000   1.0555   0.01677   0.00986  -0.0142  0.0451  1.0000  -4.2400   0.0000   0.2531
  10.000   1.1326   0.01937   0.01256  -0.0093  0.0365  1.0000  -4.9577   0.0000   0.2466
  11.000   1.1999   0.02224   0.01564  -0.0034  0.0308  1.0000  -5.6696   0.0000   0.2398
  12.000   1.2430   0.02612   0.01973   0.0049  0.0273  1.0000  -6.2908   0.0000   0.2315
  13.000   1.2833   0.03070   0.02461   0.0108  0.0244  1.0000  -6.9804   0.0000   0.2254
  14.000   1.3022   0.03821   0.03254   0.0150  0.0226  1.0000  -7.5201   0.0000   0.2204


