flow5 v7.57

 Calculated polar for: NACA 2414

 1 1 Reynolds number fixed          Mach number fixed         

 xtrf =   1.000 (top)        1.000 (bottom)
 Mach =   0.000     Re =     0.500 e 6     Ncrit =   9.000

  alpha     CL        CD       CDp       Cm    Top Xtr Bot Xtr   Cpmin    Chinge    XCp    
 ------- -------- --------- --------- -------- ------- ------- -------- --------- ---------
  -6.000  -0.4045   0.01151   0.00517  -0.0592  0.9542  0.1103  -2.2564   0.0000   0.0925
  -5.000  -0.2927   0.01029   0.00412  -0.0589  0.9291  0.1576  -1.7878   0.0000   0.0369
  -4.000  -0.1855   0.00932   0.00334  -0.0574  0.8962  0.2257  -1.3895   0.0000  -0.0733
  -3.000  -0.0784   0.00857   0.00278  -0.0559  0.8540  0.3133  -1.0552   0.0000  -0.4857
  -2.000   0.0284   0.00790   0.00237  -0.0544  0.8043  0.4307  -0.7798   0.0000   2.2045
  -1.000   0.1331   0.00735   0.00219  -0.0524  0.7478  0.6006  -0.5623   0.0000   0.6465
   0.000   0.2368   0.00709   0.00221  -0.0499  0.6868  0.7534  -0.6320   0.0000   0.4591
   1.000   0.3386   0.00717   0.00244  -0.0465  0.6261  0.8822  -0.7336   0.0000   0.3840
   2.000   0.4521   0.00768   0.00281  -0.0456  0.5685  0.9611  -0.8657   0.0000   0.3464
   3.000   0.6049   0.00836   0.00322  -0.0542  0.5105  0.9892  -1.0797   0.0000   0.3341
   4.000   0.7427   0.00894   0.00358  -0.0602  0.4527  0.9999  -1.3710   0.0000   0.3246
   5.000   0.8293   0.00955   0.00400  -0.0553  0.3949  0.9999  -1.6726   0.0000   0.3092
   7.000   0.9969   0.01184   0.00567  -0.0449  0.2438  0.9999  -2.4415   0.0000   0.2853
   8.000   1.0778   0.01366   0.00710  -0.0399  0.1656  0.9999  -2.9005   0.0000   0.2760
   9.000   1.1537   0.01578   0.00893  -0.0344  0.1091  0.9999  -3.3942   0.0000   0.2675
  10.000   1.2179   0.01808   0.01112  -0.0271  0.0777  0.9999  -3.9064   0.0000   0.2586
  11.000   1.2750   0.02081   0.01390  -0.0198  0.0603  0.9999  -4.4203   0.0000   0.2503
  12.000   1.3212   0.02456   0.01778  -0.0129  0.0500  0.9999  -4.9383   0.0000   0.2428
  13.000   1.3590   0.02951   0.02293  -0.0073  0.0429  0.9999  -5.4453   0.0000   0.2366
  14.000   1.3822   0.03657   0.03025  -0.0033  0.0381  0.9999  -5.8926   0.0000   0.2316


