flow5 v7.57

 Calculated polar for: NACA 4424

 1 1 Reynolds number fixed          Mach number fixed         

 xtrf =   1.000 (top)        1.000 (bottom)
 Mach =   0.000     Re =     2.000 e 6     Ncrit =   9.000

  alpha     CL        CD       CDp       Cm    Top Xtr Bot Xtr   Cpmin    Chinge    XCp    
 ------- -------- --------- --------- -------- ------- ------- -------- --------- ---------
  -6.000  -0.1846   0.00870   0.00304  -0.0942  0.6402  0.1731  -1.7551   0.0000  -0.3145
  -5.000  -0.0778   0.00848   0.00279  -0.0928  0.6049  0.1936  -1.5154   0.0000  -1.0477
  -4.000   0.0287   0.00834   0.00261  -0.0913  0.5713  0.2166  -1.2984   0.0000   3.6523
  -3.000   0.1352   0.00826   0.00251  -0.0898  0.5401  0.2415  -1.1010   0.0000   0.9465
  -2.000   0.2410   0.00822   0.00247  -0.0883  0.5128  0.2690  -0.9826   0.0000   0.6262
  -1.000   0.3460   0.00823   0.00250  -0.0866  0.4895  0.2993  -1.0744   0.0000   0.5013
   0.000   0.4460   0.00828   0.00258  -0.0839  0.4688  0.3333  -1.1701   0.0000   0.4343
   1.000   0.5435   0.00832   0.00271  -0.0808  0.4513  0.3737  -1.2710   0.0000   0.3915
   2.000   0.6456   0.00844   0.00298  -0.0790  0.4340  0.4344  -1.3828   0.0000   0.3624
   3.000   0.7483   0.00863   0.00339  -0.0775  0.4159  0.5301  -1.5048   0.0000   0.3415
   4.000   0.8511   0.00893   0.00388  -0.0761  0.3968  0.6131  -1.6379   0.0000   0.3254
   5.000   0.9494   0.00945   0.00454  -0.0741  0.3740  0.6963  -1.7800   0.0000   0.3123
   8.000   1.2198   0.01206   0.00765  -0.0651  0.3028  0.9997  -2.2784   0.0000   0.2821
   9.000   1.2980   0.01369   0.00916  -0.0612  0.2781  0.9997  -2.4690   0.0000   0.2739
  10.000   1.3709   0.01574   0.01111  -0.0571  0.2536  0.9997  -2.6732   0.0000   0.2664
  11.000   1.4371   0.01832   0.01361  -0.0528  0.2300  0.9997  -2.8874   0.0000   0.2594
  12.000   1.4956   0.02162   0.01684  -0.0484  0.2073  0.9997  -3.1094   0.0000   0.2528
  13.000   1.5448   0.02579   0.02095  -0.0439  0.1861  0.9997  -3.3328   0.0000   0.2466
  14.000   1.5861   0.03091   0.02607  -0.0397  0.1672  0.9997  -3.5572   0.0000   0.2408


