flow5 v7.57

 Calculated polar for: NACA 4418

 1 1 Reynolds number fixed          Mach number fixed         

 xtrf =   1.000 (top)        1.000 (bottom)
 Mach =   0.000     Re =     0.500 e 6     Ncrit =   9.000

  alpha     CL        CD       CDp       Cm    Top Xtr Bot Xtr   Cpmin    Chinge    XCp    
 ------- -------- --------- --------- -------- ------- ------- -------- --------- ---------
  -6.000  -0.1694   0.01146   0.00491  -0.1039  0.8333  0.1392  -1.9574   0.0000  -0.3998
  -5.000  -0.0613   0.01081   0.00420  -0.1027  0.7985  0.1690  -1.6135   0.0000  -1.5065
  -3.000   0.1548   0.00996   0.00333  -0.1003  0.7194  0.2519  -1.0389   0.0000   0.9151
  -2.000   0.2617   0.00977   0.00313  -0.0989  0.6769  0.3073  -0.8066   0.0000   0.6335
  -1.000   0.3671   0.00961   0.00305  -0.0974  0.6341  0.3798  -0.8760   0.0000   0.5157
   0.000   0.4695   0.00932   0.00315  -0.0954  0.5951  0.5343  -0.9647   0.0000   0.4507
   2.000   0.6661   0.00927   0.00393  -0.0885  0.5324  0.8912  -1.1634   0.0000   0.3765
   3.000   0.8000   0.00991   0.00451  -0.0926  0.5046  0.9850  -1.3045   0.0000   0.3579
   4.000   0.9334   0.01055   0.00499  -0.0978  0.4777  0.9998  -1.4661   0.0000   0.3455
   5.000   1.0099   0.01112   0.00543  -0.0909  0.4534  0.9998  -1.6080   0.0000   0.3293
   6.000   1.0919   0.01180   0.00604  -0.0852  0.4271  0.9998  -1.7857   0.0000   0.3158
   7.000   1.1703   0.01261   0.00683  -0.0792  0.3978  0.9998  -1.9996   0.0000   0.3039
   8.000   1.2474   0.01378   0.00794  -0.0735  0.3639  0.9998  -2.2536   0.0000   0.2936
   9.000   1.3194   0.01541   0.00951  -0.0678  0.3261  0.9998  -2.5389   0.0000   0.2843
  10.000   1.3822   0.01772   0.01173  -0.0615  0.2857  0.9998  -2.8414   0.0000   0.2756
  11.000   1.4350   0.02089   0.01481  -0.0549  0.2444  0.9998  -3.1542   0.0000   0.2675
  12.000   1.4758   0.02521   0.01906  -0.0483  0.2045  0.9998  -3.4664   0.0000   0.2600
  13.000   1.5022   0.03114   0.02494  -0.0421  0.1692  0.9998  -3.7608   0.0000   0.2531
  14.000   1.5182   0.03880   0.03262  -0.0372  0.1397  0.9998  -4.0404   0.0000   0.2473


