flow5 v7.57

 Calculated polar for: NACA 2424

 1 1 Reynolds number fixed          Mach number fixed         

 xtrf =   1.000 (top)        1.000 (bottom)
 Mach =   0.000     Re =     2.000 e 6     Ncrit =   9.000

  alpha     CL        CD       CDp       Cm    Top Xtr Bot Xtr   Cpmin    Chinge    XCp    
 ------- -------- --------- --------- -------- ------- ------- -------- --------- ---------
  -6.000  -0.4097   0.00875   0.00322  -0.0513  0.6662  0.2077  -1.7784   0.0000   0.0983
  -5.000  -0.3045   0.00845   0.00289  -0.0498  0.6257  0.2322  -1.5547   0.0000   0.0579
  -4.000  -0.1977   0.00825   0.00265  -0.0485  0.5868  0.2585  -1.3504   0.0000  -0.0294
  -3.000  -0.0903   0.00807   0.00247  -0.0473  0.5505  0.2877  -1.1657   0.0000  -0.3276
  -2.000   0.0178   0.00797   0.00237  -0.0463  0.5177  0.3190  -0.9999   0.0000   3.0208
  -1.000   0.1260   0.00790   0.00233  -0.0453  0.4881  0.3538  -0.8938   0.0000   0.6173
   0.000   0.2337   0.00786   0.00234  -0.0442  0.4615  0.3934  -0.9988   0.0000   0.4351
   1.000   0.3403   0.00784   0.00241  -0.0429  0.4367  0.4434  -1.1128   0.0000   0.3675
   2.000   0.4453   0.00788   0.00255  -0.0414  0.4119  0.5020  -1.2370   0.0000   0.3317
   3.000   0.5487   0.00803   0.00277  -0.0396  0.3854  0.5584  -1.3727   0.0000   0.3089
   4.000   0.6441   0.00825   0.00307  -0.0362  0.3583  0.6139  -1.5164   0.0000   0.2913
   5.000   0.7400   0.00865   0.00353  -0.0332  0.3309  0.6725  -1.6760   0.0000   0.2784
   6.000   0.8366   0.00919   0.00416  -0.0306  0.3034  0.7366  -1.8538   0.0000   0.2687
   7.000   0.9297   0.00989   0.00495  -0.0277  0.2762  0.8075  -2.0473   0.0000   0.2604
   8.000   1.0175   0.01078   0.00597  -0.0240  0.2501  0.8823  -2.2553   0.0000   0.2527
  10.000   1.1865   0.01360   0.00882  -0.0170  0.2023  0.9965  -2.7254   0.0000   0.2402
  11.000   1.2642   0.01554   0.01066  -0.0140  0.1810  0.9998  -2.9800   0.0000   0.2352
  12.000   1.3266   0.01799   0.01305  -0.0090  0.1622  0.9998  -3.2302   0.0000   0.2290
  13.000   1.3869   0.02103   0.01606  -0.0049  0.1459  0.9998  -3.4927   0.0000   0.2237
  14.000   1.4384   0.02505   0.02006  -0.0011  0.1312  0.9998  -3.7531   0.0000   0.2188


