flow5 v7.57

 Calculated polar for: NACA 2418

 1 1 Reynolds number fixed          Mach number fixed         

 xtrf =   1.000 (top)        1.000 (bottom)
 Mach =   0.000     Re =     1.000 e 6     Ncrit =   9.000

  alpha     CL        CD       CDp       Cm    Top Xtr Bot Xtr   Cpmin    Chinge    XCp    
 ------- -------- --------- --------- -------- ------- ------- -------- --------- ---------
  -6.000  -0.4104   0.00923   0.00351  -0.0547  0.8368  0.1608  -1.9096   0.0000   0.1007
  -5.000  -0.3025   0.00867   0.00296  -0.0536  0.7949  0.1980  -1.5844   0.0000   0.0555
  -4.000  -0.1939   0.00825   0.00254  -0.0526  0.7487  0.2425  -1.2975   0.0000  -0.0417
  -3.000  -0.0849   0.00794   0.00225  -0.0517  0.6993  0.2934  -1.0495   0.0000  -0.3913
  -2.000   0.0241   0.00773   0.00206  -0.0508  0.6487  0.3523  -0.8387   0.0000   2.4266
  -1.000   0.1324   0.00755   0.00196  -0.0498  0.5994  0.4268  -0.6819   0.0000   0.6301
   0.000   0.2405   0.00739   0.00198  -0.0488  0.5539  0.5259  -0.7793   0.0000   0.4502
   1.000   0.3488   0.00736   0.00210  -0.0477  0.5130  0.6207  -0.8894   0.0000   0.3816
   2.000   0.4567   0.00743   0.00232  -0.0466  0.4764  0.7109  -1.0157   0.0000   0.3451
   5.000   0.7670   0.00842   0.00360  -0.0400  0.3626  0.9500  -1.5464   0.0000   0.2916
   6.000   0.8846   0.00932   0.00432  -0.0412  0.3149  0.9847  -1.8184   0.0000   0.2849
   7.000   1.0273   0.01055   0.00527  -0.0487  0.2609  0.9956  -2.1789   0.0000   0.2846
   8.000   1.1238   0.01169   0.00618  -0.0468  0.2145  0.9999  -2.5184   0.0000   0.2775
   9.000   1.1662   0.01275   0.00709  -0.0337  0.1797  0.9999  -2.7983   0.0000   0.2633
  10.000   1.2316   0.01439   0.00857  -0.0263  0.1460  0.9999  -3.1471   0.0000   0.2542
  11.000   1.2972   0.01648   0.01055  -0.0202  0.1187  0.9999  -3.5241   0.0000   0.2467
  12.000   1.3577   0.01913   0.01315  -0.0144  0.0976  0.9999  -3.9116   0.0000   0.2401
  13.000   1.4112   0.02254   0.01658  -0.0091  0.0817  0.9999  -4.3137   0.0000   0.2340
  14.000   1.4541   0.02714   0.02122  -0.0044  0.0699  0.9999  -4.6966   0.0000   0.2286


