flow5 v7.57

 Calculated polar for: NACA 2412

 1 1 Reynolds number fixed          Mach number fixed         

 xtrf =   1.000 (top)        1.000 (bottom)
 Mach =   0.000     Re =     1.000 e 6     Ncrit =   9.000

  alpha     CL        CD       CDp       Cm    Top Xtr Bot Xtr   Cpmin    Chinge    XCp    
 ------- -------- --------- --------- -------- ------- ------- -------- --------- ---------
  -6.000  -0.4086   0.00923   0.00364  -0.0576  0.9533  0.0560  -2.6562   0.0000   0.1004
  -5.000  -0.3015   0.00836   0.00282  -0.0563  0.9253  0.0823  -2.0680   0.0000   0.0545
  -4.000  -0.1932   0.00761   0.00218  -0.0552  0.8889  0.1313  -1.5574   0.0000  -0.0458
  -3.000  -0.0839   0.00699   0.00170  -0.0544  0.8439  0.2091  -1.1303   0.0000  -0.4137
  -2.000   0.0257   0.00651   0.00139  -0.0537  0.7892  0.3145  -0.7878   0.0000   2.3705
  -1.000   0.1341   0.00602   0.00122  -0.0529  0.7258  0.4788  -0.5258   0.0000   0.6461
   0.000   0.2411   0.00563   0.00123  -0.0517  0.6574  0.6821  -0.5639   0.0000   0.4630
   1.000   0.3456   0.00549   0.00140  -0.0495  0.5895  0.8574  -0.6643   0.0000   0.3906
   2.000   0.4526   0.00578   0.00168  -0.0476  0.5262  0.9661  -0.7961   0.0000   0.3514
   3.000   0.5941   0.00638   0.00200  -0.0540  0.4596  0.9942  -1.0415   0.0000   0.3364
   4.000   0.7172   0.00702   0.00235  -0.0567  0.3861  0.9999  -1.3920   0.0000   0.3238
   5.000   0.8103   0.00795   0.00289  -0.0531  0.2929  0.9999  -1.7905   0.0000   0.3093
   8.000   1.0874   0.01256   0.00630  -0.0435  0.0592  0.9999  -3.4634   0.0000   0.2804
   9.000   1.1792   0.01416   0.00783  -0.0405  0.0402  0.9999  -4.1750   0.0000   0.2735
  10.000   1.2661   0.01593   0.00962  -0.0369  0.0304  0.9999  -4.9397   0.0000   0.2669
  11.000   1.3453   0.01790   0.01170  -0.0323  0.0249  0.9999  -5.7488   0.0000   0.2602
  12.000   1.4055   0.02033   0.01429  -0.0251  0.0213  0.9999  -6.5117   0.0000   0.2524
  13.000   1.4504   0.02394   0.01809  -0.0174  0.0186  0.9999  -7.2400   0.0000   0.2449
  14.000   1.4942   0.02817   0.02260  -0.0118  0.0169  0.9999  -8.0291   0.0000   0.2390


