flow5 v7.57

 Calculated polar for: NACA 2410

 1 1 Reynolds number fixed          Mach number fixed         

 xtrf =   1.000 (top)        1.000 (bottom)
 Mach =   0.000     Re =     0.500 e 6     Ncrit =   9.000

  alpha     CL        CD       CDp       Cm    Top Xtr Bot Xtr   Cpmin    Chinge    XCp    
 ------- -------- --------- --------- -------- ------- ------- -------- --------- ---------
  -6.000  -0.4857   0.01310   0.00668  -0.0420  0.9912  0.0360  -3.4920   0.0000   0.1573
  -5.000  -0.3413   0.01116   0.00476  -0.0496  0.9803  0.0535  -2.6009   0.0000   0.0983
  -4.000  -0.1993   0.00966   0.00346  -0.0564  0.9683  0.1011  -1.8386   0.0000  -0.0405
  -3.000  -0.0756   0.00836   0.00263  -0.0589  0.9460  0.2215  -1.2495   0.0000  -0.5420
  -2.000   0.0318   0.00720   0.00208  -0.0576  0.9089  0.4124  -0.8192   0.0000   2.0803
  -1.000   0.1318   0.00596   0.00184  -0.0544  0.8589  0.7399  -0.5077   0.0000   0.6642
   0.000   0.2382   0.00567   0.00186  -0.0511  0.7967  0.9578  -0.4928   0.0000   0.4637
   1.000   0.3889   0.00601   0.00180  -0.0591  0.7180  0.9999  -0.6173   0.0000   0.4000
   2.000   0.4887   0.00649   0.00188  -0.0564  0.6324  0.9999  -0.7691   0.0000   0.3628
   3.000   0.5880   0.00714   0.00217  -0.0537  0.5462  0.9999  -1.0595   0.0000   0.3379
   4.000   0.6886   0.00793   0.00265  -0.0514  0.4560  0.9999  -1.4849   0.0000   0.3204
   5.000   0.7880   0.00907   0.00336  -0.0492  0.3324  0.9999  -2.0295   0.0000   0.3072
   6.000   0.8791   0.01135   0.00475  -0.0462  0.1467  0.9999  -2.6593   0.0000   0.2964
   7.000   0.9695   0.01377   0.00667  -0.0432  0.0562  0.9999  -3.3740   0.0000   0.2873
   8.000   1.0586   0.01612   0.00901  -0.0398  0.0357  0.9999  -4.1611   0.0000   0.2792
   9.000   1.1391   0.01901   0.01201  -0.0354  0.0271  0.9999  -4.9978   0.0000   0.2714
  10.000   1.2121   0.02218   0.01543  -0.0301  0.0222  0.9999  -5.8737   0.0000   0.2638
  11.000   1.2648   0.02642   0.01991  -0.0225  0.0191  0.9999  -6.6648   0.0000   0.2554
  12.000   1.3085   0.03076   0.02472  -0.0150  0.0169  0.9999  -7.4578   0.0000   0.2475
  13.000   1.3287   0.03819   0.03256  -0.0081  0.0155  0.9999  -8.1396   0.0000   0.2405
  14.000   1.3283   0.04824   0.04334  -0.0044  0.0146  0.9999  -8.6201   0.0000   0.2359


