flow5 v7.57

 Calculated polar for: NACA 4415

 1 1 Reynolds number fixed          Mach number fixed         

 xtrf =   1.000 (top)        1.000 (bottom)
 Mach =   0.000     Re =     1.000 e 6     Ncrit =   9.000

  alpha     CL        CD       CDp       Cm    Top Xtr Bot Xtr   Cpmin    Chinge    XCp    
 ------- -------- --------- --------- -------- ------- ------- -------- --------- ---------
  -6.000  -0.1814   0.00909   0.00332  -0.1034  0.8350  0.0762  -2.3079   0.0000  -0.3457
  -5.000  -0.0701   0.00853   0.00271  -0.1030  0.7996  0.0975  -1.8457   0.0000  -1.2712
  -4.000   0.0411   0.00811   0.00226  -0.1025  0.7600  0.1285  -1.4422   0.0000   2.8120
  -3.000   0.1521   0.00782   0.00196  -0.1020  0.7158  0.1710  -1.0950   0.0000   0.9329
  -2.000   0.2627   0.00765   0.00179  -0.1015  0.6686  0.2267  -0.8014   0.0000   0.6400
  -1.000   0.3727   0.00757   0.00176  -0.1009  0.6208  0.2980  -0.7799   0.0000   0.5208
   0.000   0.4816   0.00747   0.00182  -0.1002  0.5758  0.4089  -0.8678   0.0000   0.4560
   1.000   0.5876   0.00707   0.00205  -0.0991  0.5370  0.6755  -0.9625   0.0000   0.4150
   2.000   0.6861   0.00686   0.00244  -0.0956  0.5053  0.9279  -1.0638   0.0000   0.3843
   3.000   0.8305   0.00734   0.00280  -0.1025  0.4748  0.9998  -1.2113   0.0000   0.3672
   4.000   0.9273   0.00779   0.00313  -0.0994  0.4478  0.9998  -1.3525   0.0000   0.3497
   5.000   1.0280   0.00834   0.00356  -0.0972  0.4176  0.9998  -1.5490   0.0000   0.3358
   6.000   1.1280   0.00901   0.00411  -0.0951  0.3785  0.9998  -1.8264   0.0000   0.3242
   7.000   1.2220   0.00998   0.00488  -0.0921  0.3281  0.9998  -2.1693   0.0000   0.3138
   8.000   1.3045   0.01134   0.00597  -0.0871  0.2681  0.9998  -2.5490   0.0000   0.3038
   9.000   1.3729   0.01323   0.00754  -0.0801  0.2036  0.9998  -2.9510   0.0000   0.2938
  10.000   1.4327   0.01568   0.00971  -0.0725  0.1451  0.9998  -3.3765   0.0000   0.2844
  11.000   1.4847   0.01873   0.01257  -0.0649  0.1027  0.9998  -3.8185   0.0000   0.2758
  12.000   1.5303   0.02249   0.01626  -0.0578  0.0750  0.9998  -4.2667   0.0000   0.2679
  13.000   1.5697   0.02715   0.02095  -0.0515  0.0580  0.9998  -4.7334   0.0000   0.2610
  14.000   1.5989   0.03319   0.02709  -0.0461  0.0472  0.9998  -5.1818   0.0000   0.2549


