flow5 v7.57

 Calculated polar for: NACA 0009

 1 1 Reynolds number fixed          Mach number fixed         

 xtrf =   1.000 (top)        1.000 (bottom)
 Mach =   0.000     Re =     1.000 e 6     Ncrit =   9.000

  alpha     CL        CD       CDp       Cm    Top Xtr Bot Xtr   Cpmin    Chinge    XCp    
 ------- -------- --------- --------- -------- ------- ------- -------- --------- ---------
  -6.000  -0.6788   0.01012   0.00424   0.0026  1.0000  0.0268  -3.5450   0.0000   0.2488
  -5.000  -0.5833   0.00902   0.00318   0.0058  1.0000  0.0435  -2.7126   0.0000   0.2556
  -4.000  -0.4800   0.00791   0.00236   0.0070  0.9988  0.1048  -1.9608   0.0000   0.2609
  -3.000  -0.3402   0.00645   0.00168  -0.0001  0.9897  0.2877  -1.2577   0.0000   0.2466
  -2.000  -0.2091   0.00529   0.00126  -0.0046  0.9684  0.4913  -0.7654   0.0000   0.2248
   0.000  -0.0000   0.00430   0.00092   0.0000  0.8056  0.8055  -0.3111   0.0000   0.5341
   2.000   0.2091   0.00529   0.00126   0.0046  0.4913  0.9684  -0.7654   0.0000   0.2248
   3.000   0.3402   0.00645   0.00168   0.0001  0.2877  0.9897  -1.2577   0.0000   0.2466
   4.000   0.4800   0.00791   0.00236  -0.0070  0.1048  0.9988  -1.9609   0.0000   0.2609
   5.000   0.5833   0.00902   0.00317  -0.0058  0.0435  1.0000  -2.7125   0.0000   0.2556
   6.000   0.6787   0.01012   0.00424  -0.0026  0.0268  1.0000  -3.5449   0.0000   0.2488
   7.000   0.7748   0.01151   0.00570   0.0004  0.0195  1.0000  -4.5267   0.0000   0.2436
   8.000   0.8719   0.01317   0.00748   0.0028  0.0153  1.0000  -5.5916   0.0000   0.2399
   9.000   0.9660   0.01550   0.01005   0.0053  0.0128  1.0000  -6.7830   0.0000   0.2365
  10.000   1.0531   0.01876   0.01361   0.0083  0.0110  1.0000  -8.0234   0.0000   0.2329
  11.000   1.1388   0.02176   0.01702   0.0111  0.0097  1.0000  -9.3515   0.0000   0.2297
  12.000   1.2004   0.02704   0.02277   0.0158  0.0086  1.0000  -10.4961   0.0000   0.2249
  13.000   1.2175   0.03452   0.03100   0.0236  0.0082  1.0000  -11.2072   0.0000   0.2173
  14.000   1.1827   0.04976   0.04697   0.0200  0.0080  1.0000  -11.3560   0.0000   0.2178


