flow5 v7.57

 Calculated polar for: NACA 1412

 1 1 Reynolds number fixed          Mach number fixed         

 xtrf =   1.000 (top)        1.000 (bottom)
 Mach =   0.000     Re =     1.000 e 6     Ncrit =   9.000

  alpha     CL        CD       CDp       Cm    Top Xtr Bot Xtr   Cpmin    Chinge    XCp    
 ------- -------- --------- --------- -------- ------- ------- -------- --------- ---------
  -6.000  -0.5340   0.00946   0.00379  -0.0308  0.9810  0.0676  -2.5640   0.0000   0.1848
  -5.000  -0.4147   0.00839   0.00292  -0.0325  0.9622  0.1109  -1.9610   0.0000   0.1647
  -4.000  -0.3086   0.00747   0.00225  -0.0310  0.9292  0.1825  -1.4814   0.0000   0.1428
  -3.000  -0.2021   0.00670   0.00174  -0.0295  0.8842  0.2822  -1.0834   0.0000   0.0968
  -2.000  -0.0944   0.00611   0.00139  -0.0283  0.8255  0.4035  -0.7692   0.0000  -0.0595
  -1.000   0.0131   0.00566   0.00120  -0.0272  0.7541  0.5541  -0.5339   0.0000   2.3494
   0.000   0.1205   0.00546   0.00117  -0.0258  0.6742  0.6938  -0.4806   0.0000   0.4631
   1.000   0.2272   0.00545   0.00129  -0.0242  0.5915  0.8195  -0.5982   0.0000   0.3535
   2.000   0.3321   0.00571   0.00154  -0.0220  0.5107  0.9167  -0.7638   0.0000   0.3122
   3.000   0.4423   0.00629   0.00190  -0.0210  0.4286  0.9715  -1.0184   0.0000   0.2928
   4.000   0.5787   0.00720   0.00239  -0.0265  0.3222  0.9906  -1.4154   0.0000   0.2905
   6.000   0.8102   0.00970   0.00391  -0.0298  0.1150  1.0000  -2.4433   0.0000   0.2799
   7.000   0.8978   0.01096   0.00491  -0.0253  0.0688  1.0000  -3.0145   0.0000   0.2703
   8.000   0.9890   0.01226   0.00611  -0.0217  0.0463  1.0000  -3.6795   0.0000   0.2628
   9.000   1.0821   0.01370   0.00754  -0.0187  0.0346  1.0000  -4.4047   0.0000   0.2570
  10.000   1.1718   0.01545   0.00935  -0.0154  0.0275  1.0000  -5.2179   0.0000   0.2515
  11.000   1.2565   0.01742   0.01144  -0.0117  0.0231  1.0000  -6.0563   0.0000   0.2463
  12.000   1.3283   0.01995   0.01411  -0.0064  0.0198  1.0000  -6.8863   0.0000   0.2403
  13.000   1.3872   0.02245   0.01685   0.0005  0.0179  1.0000  -7.7469   0.0000   0.2335
  14.000   1.4149   0.02747   0.02215   0.0082  0.0162  1.0000  -8.4336   0.0000   0.2262


