flow5 v7.57

 Calculated polar for: NACA 6412

 1 1 Reynolds number fixed          Mach number fixed         

 xtrf =   1.000 (top)        1.000 (bottom)
 Mach =   0.000     Re =     2.000 e 6     Ncrit =   9.000

  alpha     CL        CD       CDp       Cm    Top Xtr Bot Xtr   Cpmin    Chinge    XCp    
 ------- -------- --------- --------- -------- ------- ------- -------- --------- ---------
  -6.000   0.0408   0.00760   0.00260  -0.1523  0.7824  0.0296  -3.2419   0.0000   4.0864
  -5.000   0.1545   0.00718   0.00205  -0.1525  0.7467  0.0363  -2.5226   0.0000   1.2588
  -4.000   0.2678   0.00691   0.00165  -0.1526  0.7066  0.0468  -1.9123   0.0000   0.8293
  -3.000   0.3806   0.00677   0.00140  -0.1526  0.6631  0.0638  -1.3850   0.0000   0.6556
  -2.000   0.4929   0.00673   0.00128  -0.1526  0.6169  0.0914  -0.9437   0.0000   0.5615
  -1.000   0.6047   0.00679   0.00128  -0.1525  0.5727  0.1323  -0.9066   0.0000   0.5022
   0.000   0.7161   0.00689   0.00138  -0.1525  0.5338  0.1894  -0.9924   0.0000   0.4614
   1.000   0.8275   0.00700   0.00157  -0.1526  0.5029  0.2688  -1.0842   0.0000   0.4314
   2.000   0.9384   0.00684   0.00190  -0.1529  0.4788  0.5305  -1.1821   0.0000   0.4086
   4.000   1.1532   0.00678   0.00266  -0.1515  0.4404  0.9998  -1.4021   0.0000   0.3745
   5.000   1.2609   0.00725   0.00307  -0.1511  0.4182  0.9998  -1.5363   0.0000   0.3615
   6.000   1.3630   0.00798   0.00362  -0.1497  0.3734  0.9998  -1.8650   0.0000   0.3501
   7.000   1.4559   0.00916   0.00450  -0.1468  0.3097  0.9998  -2.3309   0.0000   0.3396
   8.000   1.5279   0.01121   0.00603  -0.1402  0.2117  0.9998  -2.8333   0.0000   0.3289
   9.000   1.5736   0.01414   0.00839  -0.1293  0.1110  0.9998  -3.3240   0.0000   0.3177
  10.000   1.6210   0.01717   0.01112  -0.1198  0.0577  0.9998  -3.8712   0.0000   0.3077
  12.000   1.7172   0.02405   0.01798  -0.1046  0.0256  0.9998  -5.1153   0.0000   0.2909
  13.000   1.7557   0.02874   0.02277  -0.0978  0.0199  0.9998  -5.7830   0.0000   0.2836
  14.000   1.7853   0.03473   0.02890  -0.0917  0.0162  0.9998  -6.4352   0.0000   0.2771


