flow5 v7.57

 Calculated polar for: NACA 0010

 1 1 Reynolds number fixed          Mach number fixed         

 xtrf =   1.000 (top)        1.000 (bottom)
 Mach =   0.000     Re =     2.000 e 6     Ncrit =   9.000

  alpha     CL        CD       CDp       Cm    Top Xtr Bot Xtr   Cpmin    Chinge    XCp    
 ------- -------- --------- --------- -------- ------- ------- -------- --------- ---------
  -6.000  -0.6843   0.00842   0.00323   0.0031  0.9975  0.0316  -3.1557   0.0000   0.2490
  -5.000  -0.5511   0.00750   0.00246  -0.0019  0.9920  0.0565  -2.3023   0.0000   0.2416
  -4.000  -0.4288   0.00654   0.00181  -0.0044  0.9742  0.1199  -1.6303   0.0000   0.2353
  -3.000  -0.3237   0.00568   0.00130  -0.0028  0.9283  0.2297  -1.1349   0.0000   0.2373
  -2.000  -0.2177   0.00506   0.00093  -0.0014  0.8527  0.3636  -0.7603   0.0000   0.2400
  -1.000  -0.1094   0.00473   0.00073  -0.0006  0.7490  0.4991  -0.5029   0.0000   0.2416
   0.000   0.0000   0.00464   0.00066  -0.0000  0.6286  0.6286  -0.3448   0.0000   0.4494
   1.000   0.1094   0.00473   0.00073   0.0006  0.4991  0.7490  -0.5029   0.0000   0.2416
   2.000   0.2177   0.00506   0.00093   0.0014  0.3636  0.8527  -0.7603   0.0000   0.2400
   3.000   0.3237   0.00568   0.00130   0.0028  0.2297  0.9283  -1.1349   0.0000   0.2373
   4.000   0.4288   0.00654   0.00181   0.0044  0.1199  0.9742  -1.6303   0.0000   0.2353
   5.000   0.5511   0.00750   0.00246   0.0019  0.0565  0.9920  -2.3023   0.0000   0.2416
   6.000   0.6844   0.00842   0.00323  -0.0031  0.0316  0.9975  -3.1557   0.0000   0.2490
   7.000   0.8019   0.00940   0.00414  -0.0049  0.0212  1.0000  -4.0844   0.0000   0.2496
   8.000   0.8957   0.01039   0.00516  -0.0014  0.0168  1.0000  -5.0482   0.0000   0.2440
   9.000   0.9918   0.01160   0.00642   0.0014  0.0137  1.0000  -6.1291   0.0000   0.2400
  10.000   1.0889   0.01312   0.00804   0.0036  0.0113  1.0000  -7.2876   0.0000   0.2368
  11.000   1.1857   0.01470   0.00976   0.0055  0.0102  1.0000  -8.5798   0.0000   0.2341
  12.000   1.2748   0.01703   0.01227   0.0082  0.0086  1.0000  -9.9414   0.0000   0.2309
  13.000   1.3607   0.01931   0.01477   0.0111  0.0081  1.0000  -11.3735   0.0000   0.2276
  14.000   1.4369   0.02201   0.01772   0.0149  0.0075  1.0000  -12.8066   0.0000   0.2237


