flow5 v7.57

 Calculated polar for: NACA 6409

 1 1 Reynolds number fixed          Mach number fixed         

 xtrf =   1.000 (top)        1.000 (bottom)
 Mach =   0.000     Re =     2.000 e 6     Ncrit =   9.000

  alpha     CL        CD       CDp       Cm    Top Xtr Bot Xtr   Cpmin    Chinge    XCp    
 ------- -------- --------- --------- -------- ------- ------- -------- --------- ---------
  -6.000   0.0341   0.00795   0.00346  -0.1535  0.8323  0.0140  -4.7611   0.0000   4.8405
  -5.000   0.1473   0.00717   0.00243  -0.1538  0.7997  0.0170  -3.6558   0.0000   1.3117
  -4.000   0.2604   0.00672   0.00178  -0.1540  0.7620  0.0220  -2.6963   0.0000   0.8493
  -3.000   0.3732   0.00640   0.00129  -0.1542  0.7190  0.0315  -1.8788   0.0000   0.6670
  -2.000   0.4854   0.00627   0.00103  -0.1543  0.6708  0.0510  -1.2081   0.0000   0.5695
  -1.000   0.5969   0.00627   0.00095  -0.1543  0.6195  0.0912  -0.8068   0.0000   0.5087
   0.000   0.7080   0.00636   0.00102  -0.1544  0.5705  0.1572  -0.8883   0.0000   0.4670
   1.000   0.8188   0.00648   0.00121  -0.1545  0.5287  0.2560  -0.9747   0.0000   0.4364
   3.000   1.0353   0.00591   0.00193  -0.1540  0.4720  0.9998  -1.1648   0.0000   0.3942
   4.000   1.1448   0.00633   0.00229  -0.1539  0.4501  0.9998  -1.2761   0.0000   0.3787
   5.000   1.2495   0.00706   0.00279  -0.1530  0.3917  0.9998  -1.7408   0.0000   0.3655
   6.000   1.3432   0.00861   0.00379  -0.1504  0.2772  0.9998  -2.3985   0.0000   0.3536
   7.000   1.4110   0.01208   0.00610  -0.1434  0.0725  0.9998  -3.0964   0.0000   0.3419
   8.000   1.4910   0.01410   0.00783  -0.1385  0.0239  0.9998  -3.9444   0.0000   0.3317
   9.000   1.5661   0.01578   0.00952  -0.1327  0.0142  0.9998  -4.9285   0.0000   0.3219
  10.000   1.6279   0.01786   0.01168  -0.1249  0.0100  0.9998  -5.9120   0.0000   0.3123
  11.000   1.6794   0.02071   0.01468  -0.1165  0.0077  0.9998  -6.8924   0.0000   0.3031
  12.000   1.7291   0.02398   0.01812  -0.1091  0.0067  0.9998  -8.0328   0.0000   0.2950
  13.000   1.7561   0.02937   0.02375  -0.1005  0.0055  0.9998  -9.0374   0.0000   0.2872
  14.000   1.7844   0.03539   0.03002  -0.0941  0.0051  0.9998  -10.1168   0.0000   0.2806


