flow5 v7.57

 Calculated polar for: NACA 0021

 1 1 Reynolds number fixed          Mach number fixed         

 xtrf =   1.000 (top)        1.000 (bottom)
 Mach =   0.000     Re =     2.000 e 6     Ncrit =   9.000

  alpha     CL        CD       CDp       Cm    Top Xtr Bot Xtr   Cpmin    Chinge    XCp    
 ------- -------- --------- --------- -------- ------- ------- -------- --------- ---------
  -6.000  -0.6521   0.00842   0.00324  -0.0052  0.7660  0.2244  -1.8151   0.0000   0.2265
  -5.000  -0.5471   0.00799   0.00278  -0.0037  0.7109  0.2584  -1.5736   0.0000   0.2284
  -4.000  -0.4399   0.00764   0.00242  -0.0026  0.6565  0.2950  -1.3588   0.0000   0.2298
  -3.000  -0.3313   0.00738   0.00215  -0.0018  0.6038  0.3338  -1.1697   0.0000   0.2309
  -2.000  -0.2214   0.00721   0.00197  -0.0011  0.5537  0.3740  -1.0047   0.0000   0.2316
  -1.000  -0.1109   0.00712   0.00186  -0.0005  0.5056  0.4158  -0.8601   0.0000   0.2321
   0.000  -0.0000   0.00706   0.00182   0.0000  0.4600  0.4600  -0.7333   0.0000   0.4570
   1.000   0.1109   0.00712   0.00186   0.0005  0.4158  0.5056  -0.8601   0.0000   0.2321
   2.000   0.2214   0.00721   0.00197   0.0011  0.3740  0.5537  -1.0047   0.0000   0.2316
   3.000   0.3313   0.00738   0.00215   0.0018  0.3338  0.6038  -1.1697   0.0000   0.2309
   4.000   0.4399   0.00764   0.00242   0.0026  0.2950  0.6565  -1.3588   0.0000   0.2298
   5.000   0.5471   0.00799   0.00278   0.0037  0.2584  0.7109  -1.5736   0.0000   0.2284
   6.000   0.6522   0.00842   0.00324   0.0052  0.2244  0.7660  -1.8151   0.0000   0.2266
   7.000   0.7549   0.00897   0.00381   0.0070  0.1937  0.8194  -2.0836   0.0000   0.2244
   8.000   0.8540   0.00966   0.00450   0.0093  0.1661  0.8690  -2.3771   0.0000   0.2217
   9.000   0.9466   0.01046   0.00533   0.0129  0.1427  0.9131  -2.6907   0.0000   0.2180
  10.000   1.0268   0.01145   0.00634   0.0186  0.1234  0.9536  -3.0094   0.0000   0.2121
  11.000   1.1073   0.01273   0.00760   0.0237  0.1075  0.9864  -3.3556   0.0000   0.2075
  12.000   1.2190   0.01444   0.00924   0.0212  0.0928  0.9965  -3.7875   0.0000   0.2102
  13.000   1.2989   0.01639   0.01115   0.0238  0.0815  1.0000  -4.1788   0.0000   0.2077
  14.000   1.3482   0.01867   0.01346   0.0313  0.0737  1.0000  -4.5280   0.0000   0.2009


