flow5 v7.57

 Calculated polar for: NACA 2410

 1 1 Reynolds number fixed          Mach number fixed         

 xtrf =   1.000 (top)        1.000 (bottom)
 Mach =   0.000     Re =     1.000 e 6     Ncrit =   9.000

  alpha     CL        CD       CDp       Cm    Top Xtr Bot Xtr   Cpmin    Chinge    XCp    
 ------- -------- --------- --------- -------- ------- ------- -------- --------- ---------
  -6.000  -0.4179   0.00962   0.00410  -0.0561  0.9807  0.0308  -3.3289   0.0000   0.1091
  -5.000  -0.2986   0.00851   0.00300  -0.0577  0.9634  0.0456  -2.4948   0.0000   0.0500
  -4.000  -0.1902   0.00763   0.00221  -0.0566  0.9351  0.0790  -1.8267   0.0000  -0.0550
  -3.000  -0.0825   0.00685   0.00163  -0.0554  0.8970  0.1552  -1.2678   0.0000  -0.4341
  -2.000   0.0262   0.00620   0.00125  -0.0546  0.8473  0.2819  -0.8299   0.0000   2.3567
  -1.000   0.1339   0.00550   0.00104  -0.0537  0.7852  0.5018  -0.5050   0.0000   0.6525
   1.000   0.3426   0.00489   0.00122  -0.0492  0.6326  0.9663  -0.5892   0.0000   0.3916
   2.000   0.4888   0.00545   0.00141  -0.0568  0.5447  0.9999  -0.7699   0.0000   0.3634
   3.000   0.5896   0.00602   0.00166  -0.0545  0.4623  0.9999  -1.0648   0.0000   0.3389
   4.000   0.6909   0.00680   0.00208  -0.0524  0.3651  0.9999  -1.4966   0.0000   0.3215
   5.000   0.7889   0.00827   0.00287  -0.0502  0.2134  0.9999  -2.0417   0.0000   0.3084
   6.000   0.8851   0.01012   0.00407  -0.0479  0.0851  0.9999  -2.6968   0.0000   0.2979
   7.000   0.9838   0.01167   0.00538  -0.0459  0.0403  0.9999  -3.4719   0.0000   0.2894
   8.000   1.0812   0.01323   0.00693  -0.0438  0.0262  0.9999  -4.3376   0.0000   0.2821
   9.000   1.1748   0.01502   0.00878  -0.0412  0.0195  0.9999  -5.3110   0.0000   0.2754
  10.000   1.2607   0.01728   0.01121  -0.0377  0.0158  0.9999  -6.3312   0.0000   0.2688
  11.000   1.3426   0.01947   0.01360  -0.0337  0.0134  0.9999  -7.4080   0.0000   0.2626
  12.000   1.3983   0.02286   0.01729  -0.0262  0.0119  0.9999  -8.3777   0.0000   0.2546
  13.000   1.4415   0.02660   0.02132  -0.0184  0.0107  0.9999  -9.3846   0.0000   0.2470
  14.000   1.4477   0.03417   0.02929  -0.0110  0.0098  0.9999  -10.0865   0.0000   0.2400


