flow5 v7.57

 Calculated polar for: NACA 0009

 1 1 Reynolds number fixed          Mach number fixed         

 xtrf =   1.000 (top)        1.000 (bottom)
 Mach =   0.000     Re =     2.000 e 6     Ncrit =   9.000

  alpha     CL        CD       CDp       Cm    Top Xtr Bot Xtr   Cpmin    Chinge    XCp    
 ------- -------- --------- --------- -------- ------- ------- -------- --------- ---------
  -6.000  -0.6890   0.00853   0.00334   0.0047  1.0000  0.0207  -3.6394   0.0000   0.2518
  -5.000  -0.5685   0.00764   0.00253   0.0024  0.9972  0.0348  -2.6782   0.0000   0.2500
  -4.000  -0.4357   0.00669   0.00183  -0.0026  0.9899  0.0811  -1.8310   0.0000   0.2403
  -3.000  -0.3189   0.00568   0.00128  -0.0039  0.9620  0.1975  -1.2068   0.0000   0.2346
  -2.000  -0.2151   0.00489   0.00089  -0.0020  0.8971  0.3529  -0.7746   0.0000   0.2379
  -1.000  -0.1084   0.00447   0.00066  -0.0008  0.7938  0.5118  -0.4797   0.0000   0.2403
   0.000   0.0000   0.00435   0.00059  -0.0000  0.6613  0.6613  -0.3107   0.0000   0.4468
   1.000   0.1084   0.00447   0.00066   0.0008  0.5118  0.7938  -0.4797   0.0000   0.2403
   2.000   0.2151   0.00489   0.00089   0.0020  0.3529  0.8971  -0.7746   0.0000   0.2379
   3.000   0.3189   0.00568   0.00128   0.0039  0.1975  0.9620  -1.2068   0.0000   0.2346
   4.000   0.4357   0.00669   0.00183   0.0026  0.0811  0.9899  -1.8311   0.0000   0.2403
   5.000   0.5686   0.00764   0.00253  -0.0024  0.0348  0.9972  -2.6782   0.0000   0.2500
   6.000   0.6890   0.00853   0.00334  -0.0047  0.0207  1.0000  -3.6393   0.0000   0.2518
   7.000   0.7858   0.00944   0.00426  -0.0018  0.0153  1.0000  -4.6736   0.0000   0.2463
   8.000   0.8848   0.01057   0.00544   0.0006  0.0120  1.0000  -5.8078   0.0000   0.2424
   9.000   0.9850   0.01198   0.00697   0.0023  0.0100  1.0000  -7.1141   0.0000   0.2396
  10.000   1.0824   0.01386   0.00902   0.0042  0.0083  1.0000  -8.5417   0.0000   0.2368
  11.000   1.1792   0.01565   0.01099   0.0060  0.0075  1.0000  -10.0914   0.0000   0.2343
  12.000   1.2658   0.01854   0.01415   0.0087  0.0064  1.0000  -11.6071   0.0000   0.2310
  13.000   1.3437   0.02189   0.01786   0.0122  0.0060  1.0000  -13.1229   0.0000   0.2273
  14.000   1.4086   0.02573   0.02206   0.0166  0.0057  1.0000  -14.6296   0.0000   0.2229


