flow5 v7.57

 Calculated polar for: NACA 4415

 1 1 Reynolds number fixed          Mach number fixed         

 xtrf =   1.000 (top)        1.000 (bottom)
 Mach =   0.000     Re =     0.500 e 6     Ncrit =   9.000

  alpha     CL        CD       CDp       Cm    Top Xtr Bot Xtr   Cpmin    Chinge    XCp    
 ------- -------- --------- --------- -------- ------- ------- -------- --------- ---------
  -6.000  -0.1735   0.01145   0.00503  -0.1059  0.8815  0.0918  -2.2682   0.0000  -0.3874
  -5.000  -0.0647   0.01054   0.00410  -0.1049  0.8503  0.1173  -1.8214   0.0000  -1.4290
  -4.000   0.0453   0.00986   0.00341  -0.1041  0.8150  0.1549  -1.4270   0.0000   2.6071
  -3.000   0.1551   0.00937   0.00294  -0.1032  0.7742  0.2071  -1.0860   0.0000   0.9280
  -2.000   0.2642   0.00904   0.00266  -0.1023  0.7294  0.2758  -0.7973   0.0000   0.6411
  -1.000   0.3719   0.00879   0.00253  -0.1012  0.6817  0.3726  -0.7779   0.0000   0.5224
   0.000   0.4745   0.00822   0.00262  -0.0993  0.6345  0.6310  -0.8623   0.0000   0.4573
   1.000   0.5695   0.00794   0.00299  -0.0945  0.5918  0.9088  -0.9507   0.0000   0.4124
   2.000   0.7266   0.00850   0.00332  -0.1039  0.5521  0.9998  -1.0881   0.0000   0.3881
   3.000   0.8187   0.00903   0.00362  -0.0999  0.5209  0.9998  -1.2009   0.0000   0.3658
   4.000   0.9162   0.00960   0.00407  -0.0970  0.4913  0.9998  -1.3411   0.0000   0.3484
   5.000   1.0149   0.01024   0.00463  -0.0945  0.4610  0.9998  -1.5315   0.0000   0.3344
   6.000   1.1108   0.01101   0.00530  -0.0916  0.4276  0.9998  -1.7974   0.0000   0.3224
   7.000   1.2027   0.01185   0.00610  -0.0881  0.3873  0.9998  -2.1288   0.0000   0.3117
   8.000   1.2825   0.01301   0.00716  -0.0826  0.3373  0.9998  -2.4979   0.0000   0.3014
   9.000   1.3503   0.01482   0.00878  -0.0756  0.2779  0.9998  -2.8904   0.0000   0.2914
  10.000   1.4051   0.01755   0.01125  -0.0676  0.2130  0.9998  -3.2948   0.0000   0.2819
  11.000   1.4477   0.02132   0.01479  -0.0594  0.1534  0.9998  -3.6969   0.0000   0.2730
  12.000   1.4789   0.02636   0.01970  -0.0516  0.1101  0.9998  -4.0901   0.0000   0.2650
  13.000   1.5007   0.03285   0.02619  -0.0452  0.0828  0.9998  -4.4703   0.0000   0.2581


