flow5 v7.57

 Calculated polar for: NACA 2414

 1 1 Reynolds number fixed          Mach number fixed         

 xtrf =   1.000 (top)        1.000 (bottom)
 Mach =   0.000     Re =     2.000 e 6     Ncrit =   9.000

  alpha     CL        CD       CDp       Cm    Top Xtr Bot Xtr   Cpmin    Chinge    XCp    
 ------- -------- --------- --------- -------- ------- ------- -------- --------- ---------
  -6.000  -0.4232   0.00783   0.00266  -0.0533  0.8674  0.0717  -2.3221   0.0000   0.1136
  -5.000  -0.3124   0.00729   0.00212  -0.0528  0.8248  0.0985  -1.8394   0.0000   0.0700
  -4.000  -0.2010   0.00685   0.00170  -0.0525  0.7749  0.1388  -1.4231   0.0000  -0.0236
  -3.000  -0.0893   0.00651   0.00139  -0.0522  0.7191  0.1935  -1.0738   0.0000  -0.3535
  -2.000   0.0225   0.00626   0.00119  -0.0520  0.6596  0.2630  -0.7878   0.0000   2.6076
   0.000   0.2457   0.00589   0.00109  -0.0516  0.5436  0.4730  -0.6375   0.0000   0.4582
   1.000   0.3569   0.00576   0.00119  -0.0513  0.4932  0.6139  -0.7450   0.0000   0.3904
   2.000   0.4679   0.00572   0.00137  -0.0509  0.4476  0.7426  -0.8771   0.0000   0.3543
   3.000   0.5764   0.00582   0.00166  -0.0499  0.3993  0.8652  -1.0519   0.0000   0.3310
   4.000   0.6796   0.00625   0.00207  -0.0476  0.3377  0.9530  -1.2900   0.0000   0.3136
   5.000   0.7944   0.00710   0.00261  -0.0483  0.2637  0.9901  -1.6207   0.0000   0.3033
   6.000   0.9326   0.00830   0.00340  -0.0548  0.1813  0.9990  -2.0764   0.0000   0.3002
   7.000   1.0229   0.00944   0.00421  -0.0509  0.1223  0.9999  -2.5146   0.0000   0.2901
   8.000   1.1104   0.01060   0.00514  -0.0464  0.0833  0.9999  -3.0066   0.0000   0.2809
   9.000   1.2022   0.01185   0.00624  -0.0431  0.0586  0.9999  -3.5654   0.0000   0.2736
  10.000   1.2927   0.01314   0.00745  -0.0399  0.0444  0.9999  -4.1895   0.0000   0.2672
  11.000   1.3763   0.01459   0.00888  -0.0356  0.0349  0.9999  -4.8393   0.0000   0.2607
  12.000   1.4473   0.01623   0.01055  -0.0295  0.0293  0.9999  -5.5092   0.0000   0.2535
  13.000   1.5124   0.01835   0.01274  -0.0234  0.0251  0.9999  -6.1858   0.0000   0.2469
  14.000   1.5681   0.02125   0.01573  -0.0174  0.0218  0.9999  -6.8623   0.0000   0.2406


