flow5 v7.57

 Calculated polar for: NACA 1410

 1 1 Reynolds number fixed          Mach number fixed         

 xtrf =   1.000 (top)        1.000 (bottom)
 Mach =   0.000     Re =     0.500 e 6     Ncrit =   9.000

  alpha     CL        CD       CDp       Cm    Top Xtr Bot Xtr   Cpmin    Chinge    XCp    
 ------- -------- --------- --------- -------- ------- ------- -------- --------- ---------
  -6.000  -0.6095   0.01257   0.00597  -0.0139  1.0000  0.0405  -3.3825   0.0000   0.2216
  -5.000  -0.5074   0.01110   0.00454  -0.0128  0.9982  0.0605  -2.6262   0.0000   0.2197
  -4.000  -0.3596   0.00958   0.00340  -0.0214  0.9872  0.1402  -1.8461   0.0000   0.1859
  -3.000  -0.2144   0.00809   0.00265  -0.0293  0.9744  0.3232  -1.2229   0.0000   0.1082
  -2.000  -0.0889   0.00670   0.00213  -0.0322  0.9480  0.5606  -0.7804   0.0000  -0.1198
  -1.000   0.0145   0.00578   0.00188  -0.0291  0.9002  0.7697  -0.4952   0.0000   2.2768
   0.000   0.1142   0.00556   0.00186  -0.0244  0.8329  0.9162  -0.4070   0.0000   0.4624
   1.000   0.2415   0.00596   0.00194  -0.0262  0.7425  0.9795  -0.5409   0.0000   0.3565
   2.000   0.3961   0.00656   0.00205  -0.0354  0.6217  1.0000  -0.8156   0.0000   0.3365
   3.000   0.4936   0.00721   0.00223  -0.0327  0.5022  1.0000  -1.1642   0.0000   0.3127
   4.000   0.5892   0.00815   0.00268  -0.0296  0.3695  1.0000  -1.6212   0.0000   0.2961
   5.000   0.6806   0.00979   0.00356  -0.0262  0.1953  1.0000  -2.1789   0.0000   0.2835
   6.000   0.7723   0.01182   0.00497  -0.0230  0.0752  1.0000  -2.8287   0.0000   0.2740
   7.000   0.8664   0.01381   0.00683  -0.0201  0.0433  1.0000  -3.5854   0.0000   0.2665
   8.000   0.9579   0.01607   0.00920  -0.0171  0.0313  1.0000  -4.3861   0.0000   0.2600
   9.000   1.0450   0.01869   0.01197  -0.0136  0.0248  1.0000  -5.2995   0.0000   0.2540
  10.000   1.1235   0.02212   0.01567  -0.0092  0.0210  1.0000  -6.1885   0.0000   0.2479
  11.000   1.1913   0.02642   0.02038  -0.0040  0.0182  1.0000  -7.0545   0.0000   0.2417
  12.000   1.2353   0.03231   0.02667   0.0032  0.0163  1.0000  -7.8783   0.0000   0.2344
  13.000   1.2424   0.03992   0.03509   0.0114  0.0153  1.0000  -8.4005   0.0000   0.2263
  14.000   1.2158   0.05323   0.04919   0.0121  0.0147  1.0000  -8.6063   0.0000   0.2236


