flow5 v7.57

 Calculated polar for: NACA 4412

 1 1 Reynolds number fixed          Mach number fixed         

 xtrf =   1.000 (top)        1.000 (bottom)
 Mach =   0.000     Re =     1.000 e 6     Ncrit =   9.000

  alpha     CL        CD       CDp       Cm    Top Xtr Bot Xtr   Cpmin    Chinge    XCp    
 ------- -------- --------- --------- -------- ------- ------- -------- --------- ---------
  -6.000  -0.1842   0.00911   0.00360  -0.1050  0.8874  0.0421  -2.9188   0.0000  -0.3389
  -5.000  -0.0729   0.00839   0.00277  -0.1046  0.8559  0.0551  -2.2785   0.0000  -1.2215
  -4.000   0.0387   0.00781   0.00214  -0.1043  0.8195  0.0777  -1.7196   0.0000   2.9937
  -3.000   0.1504   0.00740   0.00171  -0.1040  0.7772  0.1173  -1.2424   0.0000   0.9505
  -2.000   0.2615   0.00712   0.00146  -0.1036  0.7289  0.1798  -0.8509   0.0000   0.6490
  -1.000   0.3720   0.00697   0.00137  -0.1032  0.6761  0.2687  -0.6811   0.0000   0.5276
   0.000   0.4814   0.00672   0.00141  -0.1028  0.6218  0.4374  -0.7639   0.0000   0.4621
   1.000   0.5800   0.00589   0.00172  -0.0998  0.5723  0.9004  -0.8492   0.0000   0.4194
   2.000   0.7049   0.00623   0.00193  -0.1024  0.5282  0.9998  -0.9611   0.0000   0.3916
   3.000   0.8119   0.00672   0.00223  -0.1014  0.4922  0.9998  -1.0811   0.0000   0.3701
   4.000   0.9193   0.00724   0.00262  -0.1006  0.4568  0.9998  -1.2613   0.0000   0.3534
   5.000   1.0250   0.00787   0.00310  -0.0995  0.4131  0.9998  -1.5978   0.0000   0.3400
   6.000   1.1271   0.00874   0.00375  -0.0980  0.3501  0.9998  -2.0408   0.0000   0.3286
   7.000   1.2190   0.01030   0.00485  -0.0948  0.2516  0.9998  -2.5515   0.0000   0.3182
   8.000   1.2974   0.01266   0.00658  -0.0897  0.1383  0.9998  -3.1059   0.0000   0.3081
   9.000   1.3684   0.01503   0.00857  -0.0835  0.0714  0.9998  -3.7012   0.0000   0.2985
  10.000   1.4303   0.01732   0.01075  -0.0758  0.0443  0.9998  -4.3300   0.0000   0.2889
  11.000   1.4886   0.01995   0.01343  -0.0686  0.0323  0.9998  -4.9881   0.0000   0.2804
  12.000   1.5392   0.02330   0.01691  -0.0615  0.0257  0.9998  -5.6837   0.0000   0.2725
  13.000   1.5796   0.02781   0.02160  -0.0550  0.0216  0.9998  -6.3567   0.0000   0.2654
  14.000   1.6087   0.03387   0.02791  -0.0494  0.0187  0.9998  -6.9920   0.0000   0.2593


