flow5 v7.57

 Calculated polar for: NACA 6412

 1 1 Reynolds number fixed          Mach number fixed         

 xtrf =   1.000 (top)        1.000 (bottom)
 Mach =   0.000     Re =     0.500 e 6     Ncrit =   9.000

  alpha     CL        CD       CDp       Cm    Top Xtr Bot Xtr   Cpmin    Chinge    XCp    
 ------- -------- --------- --------- -------- ------- ------- -------- --------- ---------
  -6.000   0.0462   0.01256   0.00651  -0.1541  0.8742  0.0429  -3.0751   0.0000   3.6743
  -5.000   0.1570   0.01123   0.00498  -0.1538  0.8470  0.0524  -2.4193   0.0000   1.2510
  -4.000   0.2683   0.01021   0.00381  -0.1534  0.8158  0.0672  -1.8572   0.0000   0.8316
  -3.000   0.3794   0.00959   0.00307  -0.1530  0.7798  0.0918  -1.3586   0.0000   0.6581
  -2.000   0.4897   0.00921   0.00262  -0.1524  0.7395  0.1326  -0.9355   0.0000   0.5633
  -1.000   0.5985   0.00905   0.00247  -0.1517  0.6947  0.1956  -0.9000   0.0000   0.5035
   0.000   0.7058   0.00907   0.00254  -0.1507  0.6483  0.2902  -0.9832   0.0000   0.4620
   1.000   0.8068   0.00792   0.00289  -0.1486  0.6050  0.9998  -1.0685   0.0000   0.4312
   2.000   0.9129   0.00855   0.00318  -0.1475  0.5686  0.9998  -1.1624   0.0000   0.4073
   3.000   1.0186   0.00922   0.00364  -0.1464  0.5395  0.9998  -1.2642   0.0000   0.3882
   4.000   1.1237   0.00992   0.00422  -0.1453  0.5151  0.9998  -1.3766   0.0000   0.3725
   5.000   1.2270   0.01069   0.00493  -0.1441  0.4928  0.9998  -1.5049   0.0000   0.3592
   6.000   1.3270   0.01149   0.00574  -0.1423  0.4690  0.9998  -1.7879   0.0000   0.3475
   7.000   1.4174   0.01231   0.00662  -0.1387  0.4321  0.9998  -2.2280   0.0000   0.3366
   8.000   1.4996   0.01332   0.00768  -0.1336  0.3926  0.9998  -2.7367   0.0000   0.3263
   9.000   1.5647   0.01506   0.00933  -0.1261  0.3305  0.9998  -3.2758   0.0000   0.3161
  10.000   1.5983   0.01887   0.01266  -0.1148  0.2269  0.9998  -3.7614   0.0000   0.3056
  11.000   1.6000   0.02545   0.01865  -0.1017  0.1176  0.9998  -4.1670   0.0000   0.2955
  12.000   1.6010   0.03333   0.02634  -0.0917  0.0644  0.9998  -4.5699   0.0000   0.2872
  13.000   1.6042   0.04236   0.03549  -0.0848  0.0446  0.9998  -4.9948   0.0000   0.2807
  14.000   1.5971   0.05385   0.04721  -0.0802  0.0357  0.9998  -5.3909   0.0000   0.2759


