flow5 v7.57

 Calculated polar for: NACA 2421

 1 1 Reynolds number fixed          Mach number fixed         

 xtrf =   1.000 (top)        1.000 (bottom)
 Mach =   0.000     Re =     2.000 e 6     Ncrit =   9.000

  alpha     CL        CD       CDp       Cm    Top Xtr Bot Xtr   Cpmin    Chinge    XCp    
 ------- -------- --------- --------- -------- ------- ------- -------- --------- ---------
  -6.000  -0.4180   0.00836   0.00293  -0.0515  0.7185  0.1740  -1.8160   0.0000   0.1062
  -5.000  -0.3095   0.00801   0.00256  -0.0506  0.6741  0.2025  -1.5486   0.0000   0.0644
  -4.000  -0.1999   0.00774   0.00228  -0.0498  0.6293  0.2346  -1.3091   0.0000  -0.0254
  -2.000   0.0208   0.00743   0.00196  -0.0486  0.5460  0.3098  -0.9121   0.0000   2.6930
  -1.000   0.1319   0.00735   0.00191  -0.0481  0.5096  0.3539  -0.7884   0.0000   0.6202
   0.000   0.2427   0.00728   0.00191  -0.0476  0.4778  0.4065  -0.8918   0.0000   0.4429
   1.000   0.3528   0.00722   0.00199  -0.0470  0.4486  0.4771  -1.0059   0.0000   0.3764
   2.000   0.4624   0.00725   0.00214  -0.0463  0.4200  0.5487  -1.1337   0.0000   0.3413
   3.000   0.5708   0.00740   0.00237  -0.0454  0.3890  0.6168  -1.2770   0.0000   0.3192
   4.000   0.6775   0.00764   0.00269  -0.0443  0.3561  0.6858  -1.4395   0.0000   0.3036
   5.000   0.7804   0.00801   0.00312  -0.0425  0.3217  0.7589  -1.6228   0.0000   0.2914
   6.000   0.8791   0.00849   0.00368  -0.0400  0.2869  0.8354  -1.8288   0.0000   0.2811
   7.000   0.9672   0.00910   0.00437  -0.0353  0.2541  0.9094  -2.0518   0.0000   0.2708
   8.000   1.0479   0.01003   0.00530  -0.0293  0.2231  0.9731  -2.2939   0.0000   0.2608
   9.000   1.1598   0.01138   0.00648  -0.0309  0.1903  0.9970  -2.6075   0.0000   0.2580
  10.000   1.2364   0.01277   0.00773  -0.0260  0.1637  0.9999  -2.8993   0.0000   0.2508
  11.000   1.3044   0.01450   0.00936  -0.0200  0.1413  0.9999  -3.2006   0.0000   0.2435
  12.000   1.3711   0.01674   0.01153  -0.0150  0.1219  0.9999  -3.5204   0.0000   0.2372
  13.000   1.4316   0.01962   0.01436  -0.0103  0.1057  0.9999  -3.8505   0.0000   0.2315
  14.000   1.4849   0.02325   0.01800  -0.0059  0.0927  0.9999  -4.1836   0.0000   0.2262


