NACA 4421
1.00029142 0.00218566
1.00012276 0.00225130
0.99961687 0.00244808
0.99877402 0.00277558
0.99759467 0.00323312
0.99607946 0.00381973
0.99422920 0.00453419
0.99204490 0.00537499
0.98952776 0.00634040
0.98667914 0.00742839
0.98350061 0.00863673
0.97999392 0.00996294
0.97616102 0.01140429
0.97200403 0.01295787
0.96752529 0.01462054
0.96272731 0.01638896
0.95761282 0.01825963
0.95218472 0.02022885
0.94644613 0.02229276
0.94040035 0.02444737
0.93405090 0.02668852
0.92740150 0.02901194
0.92045604 0.03141325
0.91321866 0.03388796
0.90569367 0.03643146
0.89788558 0.03903909
0.88979912 0.04170611
0.88143922 0.04442771
0.87281099 0.04719901
0.86391977 0.05001511
0.85477107 0.05287106
0.84537060 0.05576187
0.83572429 0.05868255
0.82583824 0.06162808
0.81571874 0.06459341
0.80537228 0.06757350
0.79480552 0.07056332
0.78402531 0.07355781
0.77303868 0.07655195
0.76185284 0.07954070
0.75047516 0.08251904
0.73891318 0.08548196
0.72717462 0.08842449
0.71526733 0.09134164
0.70319935 0.09422847
0.69097884 0.09708004
0.67861413 0.09989146
0.66611370 0.10265784
0.65348613 0.10537435
0.64074018 0.10803616
0.62788470 0.11063850
0.61492868 0.11317664
0.60188124 0.11564589
0.58875159 0.11804160
0.57554906 0.12035920
0.56228308 0.12259417
0.54896317 0.12474204
0.53559894 0.12679846
0.52220009 0.12875913
0.50877638 0.13061986
0.49533766 0.13237656
0.48189381 0.13402526
0.46845479 0.13556212
0.45503059 0.13698342
0.44163124 0.13828561
0.42826680 0.13946528
0.41494733 0.14051922
0.40168293 0.14144438
0.38816384 0.14221901
0.37467072 0.14281064
0.36126143 0.14321739
0.34794747 0.14343818
0.33474029 0.14347233
0.32165132 0.14331956
0.30869191 0.14298000
0.29587336 0.14245420
0.28320683 0.14174312
0.27070339 0.14084814
0.25837396 0.13977105
0.24622929 0.13851407
0.23427996 0.13707982
0.22253634 0.13547133
0.21100859 0.13369202
0.19970663 0.13174568
0.18864010 0.12963652
0.17781840 0.12736905
0.16725063 0.12494817
0.15694557 0.12237907
0.14691171 0.11966727
0.13715718 0.11681855
0.12768980 0.11383896
0.11851702 0.11073479
0.10964593 0.10751251
0.10108325 0.10417881
0.09283536 0.10074049
0.08490822 0.09720447
0.07730744 0.09357780
0.07003825 0.08986753
0.06310549 0.08608076
0.05651362 0.08222459
0.05026673 0.07830605
0.04436853 0.07433211
0.03882238 0.07030963
0.03363126 0.06624531
0.02879779 0.06214571
0.02432427 0.05801714
0.02021261 0.05386571
0.01646443 0.04969725
0.01308100 0.04551729
0.01006329 0.04133106
0.00741193 0.03714344
0.00512727 0.03295892
0.00320938 0.02878163
0.00165802 0.02461528
0.00047269 0.02046317
-0.00034740 0.01632814
-0.00080329 0.01221260
-0.00089628 0.00811849
-0.00062791 0.00404729
0.00000000 0.00000000
0.00097637 -0.00397761
0.00228987 -0.00784001
0.00393796 -0.01158689
0.00591788 -0.01521792
0.00822663 -0.01873276
0.01086099 -0.02213107
0.01381752 -0.02541249
0.01709256 -0.02857667
0.02068228 -0.03162326
0.02458263 -0.03455192
0.02878938 -0.03736236
0.03329817 -0.04005427
0.03810444 -0.04262741
0.04320350 -0.04508158
0.04859055 -0.04741666
0.05426065 -0.04963256
0.06020875 -0.05172930
0.06642972 -0.05370699
0.07291835 -0.05556586
0.07966935 -0.05730622
0.08667737 -0.05892855
0.09393704 -0.06043346
0.10144291 -0.06182169
0.10918955 -0.06309416
0.11717146 -0.06425198
0.12538318 -0.06529640
0.13381921 -0.06622890
0.14247406 -0.06705111
0.15134225 -0.06776491
0.16041830 -0.06837235
0.16969673 -0.06887569
0.17917209 -0.06927742
0.18883892 -0.06958023
0.19869180 -0.06978700
0.20872526 -0.06990085
0.21893389 -0.06992507
0.22931223 -0.06986315
0.23985484 -0.06971880
0.25055625 -0.06949585
0.26141098 -0.06919835
0.27241350 -0.06883048
0.28355825 -0.06839656
0.29483965 -0.06790104
0.30625202 -0.06734850
0.31778964 -0.06674358
0.32944673 -0.06609103
0.34121741 -0.06539564
0.35309571 -0.06466224
0.36507558 -0.06389567
0.37715084 -0.06310079
0.38931523 -0.06228241
0.40160872 -0.06144498
0.41429400 -0.06056672
0.42704321 -0.05963524
0.43984829 -0.05865444
0.45270105 -0.05762821
0.46559327 -0.05656039
0.47851663 -0.05545479
0.49146276 -0.05431514
0.50442320 -0.05314508
0.51738947 -0.05194819
0.53035300 -0.05072793
0.54330519 -0.04948764
0.55623739 -0.04823057
0.56914093 -0.04695982
0.58200708 -0.04567838
0.59482711 -0.04438908
0.60759225 -0.04309464
0.62029374 -0.04179761
0.63292281 -0.04050041
0.64547069 -0.03920534
0.65792860 -0.03791453
0.67028781 -0.03662998
0.68253960 -0.03535356
0.69467528 -0.03408703
0.70668619 -0.03283198
0.71856374 -0.03158993
0.73029936 -0.03036226
0.74188457 -0.02915026
0.75331094 -0.02795510
0.76457013 -0.02677788
0.77565386 -0.02561961
0.78655397 -0.02448124
0.79726236 -0.02336363
0.80777106 -0.02226760
0.81807221 -0.02119390
0.82815805 -0.02014326
0.83802096 -0.01911635
0.84765345 -0.01811384
0.85704818 -0.01713633
0.86619792 -0.01618444
0.87509564 -0.01525876
0.88373444 -0.01435987
0.89210760 -0.01348834
0.90020857 -0.01264475
0.90803098 -0.01182967
0.91556867 -0.01104365
0.92281564 -0.01028728
0.92976613 -0.00956111
0.93641457 -0.00886572
0.94275562 -0.00820167
0.94878415 -0.00756954
0.95449527 -0.00696987
0.95988434 -0.00640324
0.96494694 -0.00587017
0.96967892 -0.00537120
0.97407638 -0.00490685
0.97813569 -0.00447761
0.98185348 -0.00408396
0.98522666 -0.00372635
0.98825241 -0.00340518
0.99092820 -0.00312085
0.99325179 -0.00287369
0.99522122 -0.00266403
0.99683485 -0.00249211
0.99809131 -0.00235817
0.99898954 -0.00226237
0.99952878 -0.00220484
0.99970858 -0.00218566
