flow5 v7.57

 Calculated polar for: NACA 2412

 1 1 Reynolds number fixed          Mach number fixed         

 xtrf =   1.000 (top)        1.000 (bottom)
 Mach =   0.000     Re =     2.000 e 6     Ncrit =   9.000

  alpha     CL        CD       CDp       Cm    Top Xtr Bot Xtr   Cpmin    Chinge    XCp    
 ------- -------- --------- --------- -------- ------- ------- -------- --------- ---------
  -6.000  -0.4224   0.00777   0.00271  -0.0540  0.9113  0.0451  -2.7140   0.0000   0.1138
  -5.000  -0.3118   0.00718   0.00211  -0.0535  0.8738  0.0644  -2.1029   0.0000   0.0699
  -4.000  -0.2007   0.00668   0.00163  -0.0531  0.8276  0.0994  -1.5778   0.0000  -0.0242
  -3.000  -0.0894   0.00627   0.00126  -0.0528  0.7723  0.1559  -1.1411   0.0000  -0.3553
  -2.000   0.0221   0.00596   0.00103  -0.0525  0.7096  0.2362  -0.7930   0.0000   2.6589
  -1.000   0.1337   0.00574   0.00091  -0.0524  0.6423  0.3400  -0.5258   0.0000   0.6436
   0.000   0.2443   0.00545   0.00090  -0.0522  0.5757  0.5076  -0.5655   0.0000   0.4622
   1.000   0.3548   0.00526   0.00101  -0.0518  0.5146  0.6840  -0.6695   0.0000   0.3934
   2.000   0.4634   0.00519   0.00122  -0.0509  0.4583  0.8469  -0.8041   0.0000   0.3562
   3.000   0.5672   0.00542   0.00153  -0.0486  0.3994  0.9610  -1.0084   0.0000   0.3312
   4.000   0.6919   0.00619   0.00195  -0.0515  0.3112  0.9941  -1.3499   0.0000   0.3191
   5.000   0.8161   0.00732   0.00258  -0.0549  0.2050  0.9999  -1.8058   0.0000   0.3110
   6.000   0.9073   0.00854   0.00337  -0.0510  0.1200  0.9999  -2.2863   0.0000   0.2989
   7.000   1.0042   0.00974   0.00428  -0.0484  0.0695  0.9999  -2.8655   0.0000   0.2898
   8.000   1.1030   0.01091   0.00530  -0.0464  0.0441  0.9999  -3.5341   0.0000   0.2824
   9.000   1.2005   0.01215   0.00646  -0.0442  0.0308  0.9999  -4.2808   0.0000   0.2759
  10.000   1.2952   0.01345   0.00776  -0.0418  0.0240  0.9999  -5.1055   0.0000   0.2700
  11.000   1.3840   0.01500   0.00933  -0.0386  0.0191  0.9999  -5.9842   0.0000   0.2640
  12.000   1.4664   0.01666   0.01106  -0.0345  0.0164  0.9999  -6.8878   0.0000   0.2581
  13.000   1.5304   0.01871   0.01324  -0.0276  0.0145  0.9999  -7.7766   0.0000   0.2509
  14.000   1.5840   0.02153   0.01619  -0.0207  0.0127  0.9999  -8.6744   0.0000   0.2441


