flow5 v7.57

 Calculated polar for: NACA 0008

 1 1 Reynolds number fixed          Mach number fixed         

 xtrf =   1.000 (top)        1.000 (bottom)
 Mach =   0.000     Re =     0.500 e 6     Ncrit =   9.000

  alpha     CL        CD       CDp       Cm    Top Xtr Bot Xtr   Cpmin    Chinge    XCp    
 ------- -------- --------- --------- -------- ------- ------- -------- --------- ---------
  -5.000  -0.5601   0.01118   0.00444   0.0010  1.0000  0.0375  -2.9759   0.0000   0.2480
  -4.000  -0.4641   0.00937   0.00289   0.0038  1.0000  0.0977  -2.1689   0.0000   0.2551
  -3.000  -0.3692   0.00744   0.00204   0.0062  1.0000  0.3531  -1.4774   0.0000   0.2641
  -2.000  -0.2706   0.00615   0.00176   0.0082  1.0000  0.6211  -0.9289   0.0000   0.2782
  -1.000  -0.1417   0.00536   0.00182   0.0048  0.9889  0.8487  -0.5064   0.0000   0.2823
   0.000  -0.0000   0.00521   0.00187   0.0000  0.9529  0.9529  -0.2773   0.0000   0.8931
   1.000   0.1417   0.00536   0.00182  -0.0048  0.8487  0.9889  -0.5064   0.0000   0.2823
   2.000   0.2706   0.00615   0.00176  -0.0082  0.6211  1.0000  -0.9289   0.0000   0.2782
   3.000   0.3692   0.00744   0.00204  -0.0062  0.3531  1.0000  -1.4774   0.0000   0.2641
   4.000   0.4641   0.00937   0.00289  -0.0038  0.0977  1.0000  -2.1689   0.0000   0.2551
   5.000   0.5601   0.01118   0.00444  -0.0010  0.0375  1.0000  -2.9758   0.0000   0.2480
   6.000   0.6554   0.01347   0.00677   0.0018  0.0248  1.0000  -3.8781   0.0000   0.2427
   7.000   0.7511   0.01625   0.00983   0.0046  0.0189  1.0000  -4.8934   0.0000   0.2386
   8.000   0.8414   0.02125   0.01543   0.0078  0.0159  1.0000  -5.8432   0.0000   0.2345
   9.000   0.9165   0.02883   0.02402   0.0116  0.0137  1.0000  -6.6343   0.0000   0.2302
  10.000   0.9080   0.04822   0.04528   0.0175  0.0138  1.0000  -6.2869   0.0000   0.2229


