flow5 v7.57

 Calculated polar for: NACA 2424

 1 1 Reynolds number fixed          Mach number fixed         

 xtrf =   1.000 (top)        1.000 (bottom)
 Mach =   0.000     Re =     1.000 e 6     Ncrit =   9.000

  alpha     CL        CD       CDp       Cm    Top Xtr Bot Xtr   Cpmin    Chinge    XCp    
 ------- -------- --------- --------- -------- ------- ------- -------- --------- ---------
  -6.000  -0.3908   0.01006   0.00408  -0.0549  0.7228  0.2376  -1.7547   0.0000   0.0820
  -5.000  -0.2901   0.00968   0.00367  -0.0526  0.6814  0.2644  -1.5377   0.0000   0.0389
  -4.000  -0.1877   0.00944   0.00337  -0.0504  0.6405  0.2935  -1.3394   0.0000  -0.0545
  -3.000  -0.0852   0.00925   0.00316  -0.0483  0.6013  0.3256  -1.1600   0.0000  -0.3731
  -2.000   0.0180   0.00912   0.00302  -0.0463  0.5647  0.3609  -0.9986   0.0000   2.9790
  -1.000   0.1209   0.00904   0.00296  -0.0442  0.5318  0.4011  -0.8901   0.0000   0.6248
   0.000   0.2232   0.00897   0.00298  -0.0421  0.5019  0.4517  -0.9915   0.0000   0.4349
   1.000   0.3247   0.00896   0.00308  -0.0399  0.4748  0.5103  -1.1017   0.0000   0.3641
   2.000   0.4252   0.00905   0.00327  -0.0374  0.4492  0.5695  -1.2218   0.0000   0.3265
   3.000   0.5214   0.00920   0.00354  -0.0342  0.4240  0.6274  -1.3508   0.0000   0.3020
   4.000   0.6137   0.00946   0.00392  -0.0303  0.3981  0.6876  -1.4901   0.0000   0.2840
   5.000   0.7094   0.00991   0.00450  -0.0273  0.3708  0.7534  -1.6471   0.0000   0.2717
   6.000   0.8020   0.01053   0.00527  -0.0240  0.3432  0.8244  -1.8183   0.0000   0.2616
   7.000   0.8883   0.01136   0.00625  -0.0197  0.3159  0.8975  -2.0015   0.0000   0.2523
   8.000   0.9648   0.01255   0.00750  -0.0136  0.2895  0.9647  -2.1932   0.0000   0.2427
  10.000   1.1624   0.01617   0.01089  -0.0147  0.2359  0.9998  -2.6871   0.0000   0.2382
  11.000   1.2132   0.01844   0.01309  -0.0073  0.2140  0.9998  -2.8991   0.0000   0.2296
  12.000   1.2703   0.02146   0.01606  -0.0025  0.1932  0.9998  -3.1338   0.0000   0.2236
  13.000   1.3231   0.02529   0.01988   0.0014  0.1743  0.9998  -3.3746   0.0000   0.2184
  14.000   1.3670   0.03021   0.02482   0.0049  0.1576  0.9998  -3.6102   0.0000   0.2137


