flow5 v7.57

 Calculated polar for: NACA 1408

 1 1 Reynolds number fixed          Mach number fixed         

 xtrf =   1.000 (top)        1.000 (bottom)
 Mach =   0.000     Re =     0.500 e 6     Ncrit =   9.000

  alpha     CL        CD       CDp       Cm    Top Xtr Bot Xtr   Cpmin    Chinge    XCp    
 ------- -------- --------- --------- -------- ------- ------- -------- --------- ---------
  -6.000  -0.5685   0.01395   0.00756  -0.0217  1.0000  0.0222  -4.1753   0.0000   0.2073
  -5.000  -0.4770   0.01173   0.00519  -0.0180  1.0000  0.0299  -3.2825   0.0000   0.2084
  -4.000  -0.3827   0.01002   0.00351  -0.0150  1.0000  0.0491  -2.4336   0.0000   0.2075
  -3.000  -0.2652   0.00849   0.00253  -0.0173  0.9962  0.1731  -1.6356   0.0000   0.1816
  -2.000  -0.1201   0.00664   0.00202  -0.0258  0.9832  0.5331  -0.9353   0.0000   0.0312
  -1.000   0.0080   0.00530   0.00187  -0.0283  0.9586  0.8727  -0.4884   0.0000   3.8331
   0.000   0.1439   0.00517   0.00176  -0.0316  0.9120  0.9870  -0.3529   0.0000   0.4692
   1.000   0.2691   0.00526   0.00153  -0.0339  0.8187  1.0000  -0.5061   0.0000   0.3744
   2.000   0.3684   0.00583   0.00153  -0.0307  0.6758  1.0000  -0.8159   0.0000   0.3314
   3.000   0.4667   0.00680   0.00185  -0.0279  0.5023  1.0000  -1.3018   0.0000   0.3072
   4.000   0.5638   0.00843   0.00256  -0.0255  0.2639  1.0000  -1.9557   0.0000   0.2920
   5.000   0.6590   0.01098   0.00408  -0.0233  0.0536  1.0000  -2.7272   0.0000   0.2814
   6.000   0.7574   0.01316   0.00622  -0.0211  0.0285  1.0000  -3.6517   0.0000   0.2731
   7.000   0.8523   0.01587   0.00908  -0.0185  0.0206  1.0000  -4.6208   0.0000   0.2660
   8.000   0.9421   0.01987   0.01340  -0.0154  0.0163  1.0000  -5.6887   0.0000   0.2596
   9.000   1.0278   0.02479   0.01893  -0.0120  0.0139  1.0000  -6.7237   0.0000   0.2538
  10.000   0.9909   0.05286   0.04988   0.0008  0.0180  1.0000  -5.3570   0.0000   0.2411
  14.000   0.7993   0.17057   0.16826  -0.0581  0.0185  1.0000  -2.3745   0.0000   0.3121


