flow5 v7.57

 Calculated polar for: NACA 4418

 1 1 Reynolds number fixed          Mach number fixed         

 xtrf =   1.000 (top)        1.000 (bottom)
 Mach =   0.000     Re =     1.000 e 6     Ncrit =   9.000

  alpha     CL        CD       CDp       Cm    Top Xtr Bot Xtr   Cpmin    Chinge    XCp    
 ------- -------- --------- --------- -------- ------- ------- -------- --------- ---------
  -6.000  -0.1785   0.00928   0.00334  -0.1015  0.7836  0.1177  -1.9854   0.0000  -0.3536
  -5.000  -0.0684   0.00884   0.00287  -0.1008  0.7461  0.1429  -1.6327   0.0000  -1.2966
  -4.000   0.0414   0.00852   0.00252  -0.1000  0.7055  0.1752  -1.3193   0.0000   2.7550
  -3.000   0.1508   0.00832   0.00230  -0.0991  0.6632  0.2141  -1.0471   0.0000   0.9242
  -2.000   0.2600   0.00823   0.00219  -0.0982  0.6202  0.2607  -0.8105   0.0000   0.6331
  -1.000   0.3686   0.00820   0.00219  -0.0973  0.5797  0.3170  -0.8786   0.0000   0.5143
   0.000   0.4764   0.00817   0.00227  -0.0963  0.5439  0.3943  -0.9707   0.0000   0.4496
   1.000   0.5822   0.00796   0.00247  -0.0951  0.5134  0.5651  -1.0700   0.0000   0.4087
   2.000   0.6873   0.00790   0.00279  -0.0936  0.4875  0.7261  -1.1790   0.0000   0.3798
   3.000   0.7865   0.00793   0.00324  -0.0905  0.4643  0.8940  -1.2969   0.0000   0.3572
   4.000   0.9069   0.00845   0.00378  -0.0920  0.4402  0.9893  -1.4478   0.0000   0.3422
   5.000   1.0268   0.00904   0.00425  -0.0943  0.4142  0.9998  -1.6262   0.0000   0.3311
   6.000   1.1081   0.00959   0.00471  -0.0883  0.3863  0.9998  -1.8064   0.0000   0.3175
   7.000   1.1923   0.01042   0.00543  -0.0833  0.3522  0.9998  -2.0320   0.0000   0.3061
   8.000   1.2746   0.01160   0.00646  -0.0786  0.3139  0.9998  -2.2987   0.0000   0.2963
   9.000   1.3502   0.01321   0.00790  -0.0732  0.2724  0.9998  -2.5967   0.0000   0.2873
  10.000   1.4186   0.01529   0.00982  -0.0675  0.2303  0.9998  -2.9178   0.0000   0.2788
  11.000   1.4755   0.01815   0.01251  -0.0609  0.1896  0.9998  -3.2474   0.0000   0.2707
  12.000   1.5239   0.02180   0.01604  -0.0545  0.1542  0.9998  -3.5858   0.0000   0.2631
  13.000   1.5615   0.02657   0.02076  -0.0483  0.1254  0.9998  -3.9223   0.0000   0.2562


