flow5 v7.57

 Calculated polar for: NACA 0018

 1 1 Reynolds number fixed          Mach number fixed         

 xtrf =   1.000 (top)        1.000 (bottom)
 Mach =   0.000     Re =     1.000 e 6     Ncrit =   9.000

  alpha     CL        CD       CDp       Cm    Top Xtr Bot Xtr   Cpmin    Chinge    XCp    
 ------- -------- --------- --------- -------- ------- ------- -------- --------- ---------
  -6.000  -0.6412   0.00918   0.00383  -0.0081  0.9076  0.2297  -1.8451   0.0000   0.2250
  -5.000  -0.5382   0.00849   0.00319  -0.0061  0.8606  0.2774  -1.5542   0.0000   0.2271
  -4.000  -0.4328   0.00795   0.00269  -0.0044  0.8045  0.3289  -1.3014   0.0000   0.2287
  -3.000  -0.3258   0.00759   0.00232  -0.0031  0.7433  0.3829  -1.0855   0.0000   0.2299
  -2.000  -0.2177   0.00736   0.00207  -0.0020  0.6795  0.4387  -0.9039   0.0000   0.2307
  -1.000  -0.1090   0.00723   0.00193  -0.0010  0.6164  0.4958  -0.7525   0.0000   0.2312
   0.000  -0.0000   0.00718   0.00188   0.0000  0.5553  0.5553  -0.6246   0.0000   0.4641
   1.000   0.1090   0.00723   0.00193   0.0010  0.4958  0.6164  -0.7525   0.0000   0.2312
   2.000   0.2177   0.00736   0.00207   0.0020  0.4387  0.6795  -0.9039   0.0000   0.2307
   3.000   0.3258   0.00759   0.00232   0.0031  0.3829  0.7433  -1.0855   0.0000   0.2299
   4.000   0.4328   0.00795   0.00269   0.0044  0.3289  0.8045  -1.3014   0.0000   0.2287
   6.000   0.6412   0.00918   0.00383   0.0081  0.2297  0.9076  -1.8452   0.0000   0.2250
   7.000   0.7398   0.01007   0.00461   0.0110  0.1872  0.9462  -2.1684   0.0000   0.2219
   8.000   0.8399   0.01117   0.00558   0.0133  0.1504  0.9752  -2.5348   0.0000   0.2200
   9.000   0.9670   0.01257   0.00681   0.0091  0.1188  0.9871  -2.9940   0.0000   0.2255
  10.000   1.0982   0.01414   0.00825   0.0037  0.0946  0.9946  -3.5093   0.0000   0.2305
  11.000   1.2079   0.01576   0.00979   0.0021  0.0780  1.0000  -4.0293   0.0000   0.2309
  12.000   1.2148   0.01696   0.01104   0.0207  0.0701  1.0000  -4.3174   0.0000   0.2139
  13.000   1.2674   0.01930   0.01341   0.0282  0.0614  1.0000  -4.7458   0.0000   0.2069
  14.000   1.3210   0.02245   0.01666   0.0335  0.0550  1.0000  -5.1853   0.0000   0.2021


