flow5 v7.57

 Calculated polar for: NACA 0009

 1 1 Reynolds number fixed          Mach number fixed         

 xtrf =   1.000 (top)        1.000 (bottom)
 Mach =   0.000     Re =     0.500 e 6     Ncrit =   9.000

  alpha     CL        CD       CDp       Cm    Top Xtr Bot Xtr   Cpmin    Chinge    XCp    
 ------- -------- --------- --------- -------- ------- ------- -------- --------- ---------
  -6.000  -0.6677   0.01249   0.00574   0.0003  1.0000  0.0358  -3.4135   0.0000   0.2454
  -5.000  -0.5742   0.01077   0.00406   0.0036  1.0000  0.0598  -2.6412   0.0000   0.2520
  -4.000  -0.4815   0.00906   0.00288   0.0068  1.0000  0.1691  -1.9519   0.0000   0.2605
  -3.000  -0.3865   0.00756   0.00227   0.0092  1.0000  0.3856  -1.3684   0.0000   0.2707
  -2.000  -0.2608   0.00646   0.00204   0.0054  0.9926  0.6144  -0.8535   0.0000   0.2681
  -1.000  -0.1142   0.00560   0.00189  -0.0016  0.9705  0.8039  -0.4872   0.0000   0.2337
   0.000   0.0000   0.00530   0.00185  -0.0000  0.9137  0.9137  -0.3112   0.0000   0.5129
   1.000   0.1142   0.00560   0.00189   0.0016  0.8039  0.9705  -0.4872   0.0000   0.2337
   2.000   0.2609   0.00646   0.00204  -0.0054  0.6144  0.9926  -0.8535   0.0000   0.2681
   3.000   0.3864   0.00756   0.00227  -0.0092  0.3856  1.0000  -1.3683   0.0000   0.2707
   4.000   0.4814   0.00906   0.00288  -0.0068  0.1691  1.0000  -1.9518   0.0000   0.2605
   5.000   0.5742   0.01077   0.00406  -0.0036  0.0598  1.0000  -2.6411   0.0000   0.2520
   6.000   0.6677   0.01249   0.00574  -0.0003  0.0358  1.0000  -3.4134   0.0000   0.2454
   7.000   0.7606   0.01467   0.00802   0.0030  0.0262  1.0000  -4.3107   0.0000   0.2402
   8.000   0.8503   0.01788   0.01139   0.0063  0.0211  1.0000  -5.2101   0.0000   0.2358
   9.000   0.9390   0.02151   0.01539   0.0093  0.0176  1.0000  -6.2638   0.0000   0.2322
  10.000   1.0113   0.02820   0.02308   0.0138  0.0156  1.0000  -7.0707   0.0000   0.2273
  11.000   1.0556   0.03670   0.03231   0.0190  0.0140  1.0000  -7.8088   0.0000   0.2219
  12.000   1.0050   0.05140   0.04826   0.0241  0.0137  1.0000  -7.6005   0.0000   0.2145


