flow5 v7.57

 Calculated polar for: NACA 0008

 1 1 Reynolds number fixed          Mach number fixed         

 xtrf =   1.000 (top)        1.000 (bottom)
 Mach =   0.000     Re =     2.000 e 6     Ncrit =   9.000

  alpha     CL        CD       CDp       Cm    Top Xtr Bot Xtr   Cpmin    Chinge    XCp    
 ------- -------- --------- --------- -------- ------- ------- -------- --------- ---------
  -6.000  -0.6734   0.00862   0.00350   0.0017  1.0000  0.0138  -4.2175   0.0000   0.2480
  -5.000  -0.5742   0.00773   0.00261   0.0042  1.0000  0.0208  -3.1551   0.0000   0.2536
  -4.000  -0.4526   0.00686   0.00188   0.0017  0.9967  0.0457  -2.1620   0.0000   0.2506
  -3.000  -0.3211   0.00580   0.00128  -0.0031  0.9859  0.1494  -1.3470   0.0000   0.2375
  -2.000  -0.2109   0.00477   0.00085  -0.0029  0.9401  0.3364  -0.8048   0.0000   0.2337
  -1.000  -0.1069   0.00419   0.00060  -0.0011  0.8436  0.5253  -0.4614   0.0000   0.2376
   0.000   0.0000   0.00402   0.00052  -0.0000  0.6998  0.6998  -0.2767   0.0000   0.4444
   1.000   0.1069   0.00419   0.00060   0.0011  0.5253  0.8436  -0.4614   0.0000   0.2376
   2.000   0.2109   0.00477   0.00085   0.0029  0.3364  0.9401  -0.8048   0.0000   0.2337
   3.000   0.3211   0.00580   0.00128   0.0031  0.1494  0.9859  -1.3470   0.0000   0.2375
   4.000   0.4526   0.00686   0.00188  -0.0017  0.0457  0.9967  -2.1620   0.0000   0.2506
   5.000   0.5741   0.00773   0.00261  -0.0042  0.0208  1.0000  -3.1550   0.0000   0.2536
   6.000   0.6734   0.00862   0.00350  -0.0017  0.0138  1.0000  -4.2174   0.0000   0.2480
   7.000   0.7748   0.00972   0.00467   0.0002  0.0105  1.0000  -5.4665   0.0000   0.2443
   8.000   0.8767   0.01118   0.00625   0.0018  0.0083  1.0000  -6.9067   0.0000   0.2416
   9.000   0.9786   0.01266   0.00787   0.0030  0.0070  1.0000  -8.4943   0.0000   0.2394
  10.000   1.0733   0.01534   0.01088   0.0051  0.0060  1.0000  -10.0472   0.0000   0.2365
  11.000   1.1662   0.01792   0.01377   0.0071  0.0054  1.0000  -11.8403   0.0000   0.2338
  12.000   1.2552   0.02057   0.01667   0.0092  0.0048  1.0000  -13.8647   0.0000   0.2311
  13.000   1.3062   0.02747   0.02430   0.0143  0.0043  1.0000  -15.2993   0.0000   0.2260
  14.000   1.3352   0.03379   0.03113   0.0206  0.0041  1.0000  -16.6591   0.0000   0.2200


