flow5 v7.57

 Calculated polar for: NACA 1410

 1 1 Reynolds number fixed          Mach number fixed         

 xtrf =   1.000 (top)        1.000 (bottom)
 Mach =   0.000     Re =     2.000 e 6     Ncrit =   9.000

  alpha     CL        CD       CDp       Cm    Top Xtr Bot Xtr   Cpmin    Chinge    XCp    
 ------- -------- --------- --------- -------- ------- ------- -------- --------- ---------
  -6.000  -0.5345   0.00802   0.00301  -0.0302  0.9855  0.0287  -3.2037   0.0000   0.1877
  -5.000  -0.4219   0.00725   0.00230  -0.0302  0.9640  0.0448  -2.3993   0.0000   0.1730
  -4.000  -0.3149   0.00656   0.00171  -0.0289  0.9282  0.0811  -1.7431   0.0000   0.1532
  -3.000  -0.2068   0.00593   0.00123  -0.0279  0.8768  0.1573  -1.2099   0.0000   0.1099
  -2.000  -0.0977   0.00540   0.00090  -0.0273  0.8076  0.2758  -0.7946   0.0000  -0.0357
  -1.000   0.0118   0.00501   0.00072  -0.0268  0.7229  0.4284  -0.4974   0.0000   2.5393
   0.000   0.1213   0.00472   0.00068  -0.0264  0.6283  0.6107  -0.4102   0.0000   0.4664
   1.000   0.2304   0.00464   0.00077  -0.0257  0.5309  0.7729  -0.5313   0.0000   0.3594
   2.000   0.3368   0.00478   0.00100  -0.0242  0.4331  0.9059  -0.7373   0.0000   0.3190
   3.000   0.4426   0.00540   0.00133  -0.0226  0.3168  0.9772  -1.0723   0.0000   0.2975
   4.000   0.5711   0.00656   0.00189  -0.0268  0.1706  0.9958  -1.5874   0.0000   0.2927
   5.000   0.6925   0.00774   0.00260  -0.0295  0.0745  1.0000  -2.2380   0.0000   0.2877
   6.000   0.7894   0.00868   0.00334  -0.0266  0.0396  1.0000  -2.9330   0.0000   0.2779
   7.000   0.8902   0.00965   0.00422  -0.0246  0.0253  1.0000  -3.7794   0.0000   0.2708
   8.000   0.9925   0.01071   0.00528  -0.0231  0.0184  1.0000  -4.7214   0.0000   0.2654
   9.000   1.0936   0.01195   0.00655  -0.0215  0.0144  1.0000  -5.8121   0.0000   0.2606
  10.000   1.1921   0.01337   0.00805  -0.0198  0.0119  1.0000  -6.9729   0.0000   0.2561
  11.000   1.2851   0.01523   0.01004  -0.0173  0.0101  1.0000  -8.1672   0.0000   0.2516
  12.000   1.3755   0.01704   0.01199  -0.0147  0.0090  1.0000  -9.5374   0.0000   0.2473
  13.000   1.4508   0.01988   0.01506  -0.0103  0.0078  1.0000  -10.8554   0.0000   0.2421
  14.000   1.5183   0.02247   0.01788  -0.0050  0.0073  1.0000  -12.2090   0.0000   0.2365


