flow5 v7.57

 Calculated polar for: NACA 2421

 1 1 Reynolds number fixed          Mach number fixed         

 xtrf =   1.000 (top)        1.000 (bottom)
 Mach =   0.000     Re =     1.000 e 6     Ncrit =   9.000

  alpha     CL        CD       CDp       Cm    Top Xtr Bot Xtr   Cpmin    Chinge    XCp    
 ------- -------- --------- --------- -------- ------- ------- -------- --------- ---------
  -6.000  -0.4038   0.00957   0.00373  -0.0544  0.7774  0.2043  -1.7947   0.0000   0.0941
  -5.000  -0.2982   0.00913   0.00326  -0.0529  0.7344  0.2365  -1.5331   0.0000   0.0497
  -4.000  -0.1920   0.00879   0.00290  -0.0514  0.6895  0.2727  -1.2994   0.0000  -0.0451
  -3.000  -0.0850   0.00856   0.00266  -0.0501  0.6444  0.3131  -1.0920   0.0000  -0.3835
  -2.000   0.0218   0.00841   0.00250  -0.0488  0.6008  0.3581  -0.9106   0.0000   2.5947
  -1.000   0.1284   0.00829   0.00243  -0.0474  0.5603  0.4117  -0.7860   0.0000   0.6254
   0.000   0.2350   0.00819   0.00245  -0.0461  0.5237  0.4823  -0.8866   0.0000   0.4431
   1.000   0.3413   0.00818   0.00256  -0.0447  0.4912  0.5574  -0.9979   0.0000   0.3743
   2.000   0.4475   0.00824   0.00276  -0.0433  0.4608  0.6289  -1.1225   0.0000   0.3379
   3.000   0.5523   0.00840   0.00305  -0.0417  0.4313  0.7006  -1.2619   0.0000   0.3149
   4.000   0.6546   0.00866   0.00343  -0.0396  0.4006  0.7756  -1.4190   0.0000   0.2985
   5.000   0.7537   0.00901   0.00394  -0.0368  0.3677  0.8514  -1.5961   0.0000   0.2856
   6.000   0.8407   0.00960   0.00460  -0.0316  0.3343  0.9222  -1.7867   0.0000   0.2729
   7.000   0.9311   0.01057   0.00552  -0.0273  0.2997  0.9763  -2.0075   0.0000   0.2633
   8.000   1.0637   0.01198   0.00673  -0.0331  0.2610  0.9949  -2.3123   0.0000   0.2638
   9.000   1.1452   0.01323   0.00784  -0.0290  0.2286  0.9999  -2.5810   0.0000   0.2566
  10.000   1.1987   0.01475   0.00926  -0.0199  0.2011  0.9999  -2.8320   0.0000   0.2462
  11.000   1.2624   0.01693   0.01133  -0.0141  0.1744  0.9999  -3.1185   0.0000   0.2390
  12.000   1.3216   0.01977   0.01411  -0.0089  0.1513  0.9999  -3.4168   0.0000   0.2326
  13.000   1.3742   0.02340   0.01772  -0.0042  0.1316  0.9999  -3.7218   0.0000   0.2270
  14.000   1.4164   0.02820   0.02254   0.0001  0.1152  0.9999  -4.0161   0.0000   0.2218


