flow5 v7.57

 Calculated polar for: NACA 1410

 1 1 Reynolds number fixed          Mach number fixed         

 xtrf =   1.000 (top)        1.000 (bottom)
 Mach =   0.000     Re =     1.000 e 6     Ncrit =   9.000

  alpha     CL        CD       CDp       Cm    Top Xtr Bot Xtr   Cpmin    Chinge    XCp    
 ------- -------- --------- --------- -------- ------- ------- -------- --------- ---------
  -6.000  -0.5746   0.00990   0.00417  -0.0215  0.9940  0.0331  -3.3231   0.0000   0.2069
  -5.000  -0.4355   0.00873   0.00309  -0.0278  0.9864  0.0553  -2.4284   0.0000   0.1809
  -4.000  -0.3068   0.00762   0.00227  -0.0317  0.9722  0.1166  -1.7175   0.0000   0.1416
  -3.000  -0.1971   0.00660   0.00168  -0.0311  0.9404  0.2338  -1.1880   0.0000   0.0869
  -2.000  -0.0916   0.00576   0.00127  -0.0295  0.8912  0.3926  -0.7848   0.0000  -0.0785
   1.000   0.2216   0.00481   0.00114  -0.0230  0.6391  0.9166  -0.5256   0.0000   0.3516
   2.000   0.3367   0.00537   0.00139  -0.0231  0.5309  0.9798  -0.7379   0.0000   0.3156
   3.000   0.4800   0.00618   0.00172  -0.0302  0.4048  0.9966  -1.1413   0.0000   0.3095
   4.000   0.5927   0.00729   0.00220  -0.0311  0.2523  1.0000  -1.6382   0.0000   0.2984
   5.000   0.6853   0.00871   0.00300  -0.0278  0.1175  1.0000  -2.2070   0.0000   0.2856
   6.000   0.7809   0.01006   0.00401  -0.0249  0.0535  1.0000  -2.8850   0.0000   0.2761
   7.000   0.8799   0.01138   0.00525  -0.0227  0.0322  1.0000  -3.7007   0.0000   0.2690
   8.000   0.9785   0.01287   0.00678  -0.0206  0.0232  1.0000  -4.5910   0.0000   0.2632
   9.000   1.0746   0.01459   0.00863  -0.0184  0.0184  1.0000  -5.6122   0.0000   0.2580
  10.000   1.1654   0.01673   0.01093  -0.0155  0.0152  1.0000  -6.6720   0.0000   0.2530
  11.000   1.2454   0.01964   0.01407  -0.0115  0.0131  1.0000  -7.7164   0.0000   0.2475
  12.000   1.3207   0.02243   0.01716  -0.0071  0.0117  1.0000  -8.9033   0.0000   0.2421
  13.000   1.3563   0.02711   0.02218   0.0017  0.0105  1.0000  -9.8316   0.0000   0.2339
  14.000   1.3814   0.03282   0.02834   0.0080  0.0099  1.0000  -10.7040   0.0000   0.2276


