flow5 v7.57

 Calculated polar for: NACA 0006

 1 1 Reynolds number fixed          Mach number fixed         

 xtrf =   1.000 (top)        1.000 (bottom)
 Mach =   0.000     Re =     0.500 e 6     Ncrit =   9.000

  alpha     CL        CD       CDp       Cm    Top Xtr Bot Xtr   Cpmin    Chinge    XCp    
 ------- -------- --------- --------- -------- ------- ------- -------- --------- ---------
  -6.000  -0.6388   0.02046   0.01498  -0.0057  1.0000  0.0133  -4.7285   0.0000   0.2376
  -5.000  -0.5412   0.01369   0.00723  -0.0027  1.0000  0.0163  -3.9366   0.0000   0.2422
  -4.000  -0.4408   0.01057   0.00387  -0.0004  1.0000  0.0248  -2.9252   0.0000   0.2469
  -3.000  -0.3405   0.00812   0.00195   0.0015  1.0000  0.1471  -1.9413   0.0000   0.2524
  -2.000  -0.2451   0.00559   0.00130   0.0036  1.0000  0.6446  -1.1089   0.0000   0.2632
  -1.000  -0.1481   0.00473   0.00139   0.0082  1.0000  0.9516  -0.5370   0.0000   0.3043
   0.000   0.0000   0.00477   0.00136  -0.0000  1.0000  1.0000  -0.2099   0.0000   0.4427
   1.000   0.1481   0.00473   0.00138  -0.0082  0.9516  1.0000  -0.5370   0.0000   0.3043
   2.000   0.2451   0.00559   0.00130  -0.0036  0.6446  1.0000  -1.1088   0.0000   0.2632
   3.000   0.3404   0.00812   0.00195  -0.0015  0.1471  1.0000  -1.9412   0.0000   0.2524
   4.000   0.4408   0.01057   0.00387   0.0004  0.0248  1.0000  -2.9252   0.0000   0.2469
   5.000   0.5412   0.01369   0.00723   0.0027  0.0163  1.0000  -3.9366   0.0000   0.2422
   6.000   0.6371   0.02395   0.01892   0.0071  0.0181  1.0000  -4.1944   0.0000   0.2356


