flow5 v7.57

 Calculated polar for: NACA 2415

 1 1 Reynolds number fixed          Mach number fixed         

 xtrf =   1.000 (top)        1.000 (bottom)
 Mach =   0.000     Re =     2.000 e 6     Ncrit =   9.000

  alpha     CL        CD       CDp       Cm    Top Xtr Bot Xtr   Cpmin    Chinge    XCp    
 ------- -------- --------- --------- -------- ------- ------- -------- --------- ---------
  -5.000  -0.3124   0.00736   0.00215  -0.0525  0.8008  0.1158  -1.7522   0.0000   0.0697
  -4.000  -0.2011   0.00695   0.00175  -0.0521  0.7500  0.1566  -1.3757   0.0000  -0.0234
  -3.000  -0.0894   0.00664   0.00147  -0.0518  0.6950  0.2093  -1.0579   0.0000  -0.3519
  -2.000   0.0225   0.00643   0.00129  -0.0516  0.6378  0.2731  -0.7945   0.0000   2.5991
  -1.000   0.1347   0.00628   0.00120  -0.0514  0.5819  0.3497  -0.5827   0.0000   0.6346
   0.000   0.2462   0.00610   0.00120  -0.0512  0.5305  0.4586  -0.6737   0.0000   0.4562
   1.000   0.3576   0.00597   0.00129  -0.0510  0.4845  0.5864  -0.7827   0.0000   0.3887
   2.000   0.4688   0.00597   0.00147  -0.0506  0.4424  0.7016  -0.9139   0.0000   0.3529
   3.000   0.5786   0.00606   0.00173  -0.0499  0.3984  0.8155  -1.0804   0.0000   0.3302
   4.000   0.6842   0.00638   0.00212  -0.0483  0.3435  0.9137  -1.2985   0.0000   0.3134
   5.000   0.7863   0.00706   0.00265  -0.0459  0.2817  0.9737  -1.5767   0.0000   0.3002
   6.000   0.9138   0.00813   0.00337  -0.0498  0.2109  0.9946  -1.9609   0.0000   0.2952
   7.000   1.0404   0.00939   0.00426  -0.0539  0.1463  0.9999  -2.4211   0.0000   0.2914
   8.000   1.1173   0.01047   0.00511  -0.0472  0.1060  0.9999  -2.8395   0.0000   0.2806
   9.000   1.2029   0.01169   0.00616  -0.0426  0.0770  0.9999  -3.3247   0.0000   0.2724
  10.000   1.2891   0.01301   0.00737  -0.0385  0.0581  0.9999  -3.8655   0.0000   0.2655
  12.000   1.4366   0.01616   0.01049  -0.0270  0.0382  0.9999  -5.0140   0.0000   0.2512
  13.000   1.5016   0.01837   0.01274  -0.0213  0.0324  0.9999  -5.6138   0.0000   0.2448
  14.000   1.5594   0.02124   0.01570  -0.0158  0.0284  0.9999  -6.2361   0.0000   0.2388


