flow5 v7.57

 Calculated polar for: NACA 1408

 1 1 Reynolds number fixed          Mach number fixed         

 xtrf =   1.000 (top)        1.000 (bottom)
 Mach =   0.000     Re =     2.000 e 6     Ncrit =   9.000

  alpha     CL        CD       CDp       Cm    Top Xtr Bot Xtr   Cpmin    Chinge    XCp    
 ------- -------- --------- --------- -------- ------- ------- -------- --------- ---------
  -5.000  -0.4329   0.00741   0.00249  -0.0277  0.9919  0.0191  -3.2492   0.0000   0.1821
  -4.000  -0.3101   0.00660   0.00176  -0.0302  0.9778  0.0359  -2.2245   0.0000   0.1491
  -3.000  -0.2018   0.00588   0.00122  -0.0292  0.9425  0.0908  -1.4574   0.0000   0.1017
  -2.000  -0.0953   0.00516   0.00082  -0.0280  0.8846  0.2263  -0.8785   0.0000  -0.0479
  -1.000   0.0124   0.00457   0.00058  -0.0272  0.8012  0.4315  -0.4812   0.0000   2.4647
   0.000   0.1201   0.00411   0.00053  -0.0265  0.6934  0.6838  -0.3399   0.0000   0.4702
   1.000   0.2251   0.00400   0.00065  -0.0249  0.5672  0.8906  -0.4636   0.0000   0.3590
   2.000   0.3348   0.00451   0.00088  -0.0241  0.4271  0.9865  -0.7558   0.0000   0.3200
   3.000   0.4658   0.00566   0.00128  -0.0291  0.2286  1.0000  -1.3078   0.0000   0.3099
   4.000   0.5650   0.00696   0.00192  -0.0269  0.0745  1.0000  -1.9832   0.0000   0.2944
   5.000   0.6692   0.00793   0.00266  -0.0256  0.0275  1.0000  -2.8437   0.0000   0.2842
   6.000   0.7752   0.00888   0.00355  -0.0246  0.0158  1.0000  -3.9171   0.0000   0.2769
   7.000   0.8801   0.01004   0.00475  -0.0236  0.0108  1.0000  -5.1108   0.0000   0.2710
   8.000   0.9834   0.01137   0.00616  -0.0224  0.0084  1.0000  -6.5478   0.0000   0.2659
   9.000   1.0840   0.01298   0.00794  -0.0210  0.0070  1.0000  -8.0879   0.0000   0.2613
  10.000   1.1766   0.01560   0.01083  -0.0186  0.0058  1.0000  -9.6235   0.0000   0.2564
  11.000   1.2682   0.01793   0.01342  -0.0163  0.0053  1.0000  -11.3141   0.0000   0.2520
  12.000   1.3532   0.02063   0.01640  -0.0134  0.0047  1.0000  -13.2507   0.0000   0.2476
  13.000   1.4152   0.02526   0.02147  -0.0082  0.0041  1.0000  -14.9666   0.0000   0.2419
  14.000   1.4329   0.03166   0.02845   0.0011  0.0039  1.0000  -16.1733   0.0000   0.2337


