flow5 v7.57

 Calculated polar for: NACA 2408

 1 1 Reynolds number fixed          Mach number fixed         

 xtrf =   1.000 (top)        1.000 (bottom)
 Mach =   0.000     Re =     2.000 e 6     Ncrit =   9.000

  alpha     CL        CD       CDp       Cm    Top Xtr Bot Xtr   Cpmin    Chinge    XCp    
 ------- -------- --------- --------- -------- ------- ------- -------- --------- ---------
  -6.000  -0.4180   0.00817   0.00349  -0.0558  0.9848  0.0122  -4.5574   0.0000   0.1115
  -5.000  -0.3058   0.00716   0.00241  -0.0558  0.9653  0.0173  -3.4030   0.0000   0.0625
  -4.000  -0.1979   0.00649   0.00169  -0.0547  0.9344  0.0274  -2.3969   0.0000  -0.0317
  -3.000  -0.0887   0.00595   0.00115  -0.0539  0.8918  0.0590  -1.5923   0.0000  -0.3656
  -2.000   0.0212   0.00545   0.00078  -0.0534  0.8347  0.1458  -0.9637   0.0000   2.7916
  -1.000   0.1312   0.00503   0.00059  -0.0532  0.7620  0.3033  -0.5140   0.0000   0.6561
   0.000   0.2399   0.00441   0.00056  -0.0529  0.6758  0.6147  -0.4251   0.0000   0.4699
   1.000   0.3412   0.00394   0.00073  -0.0504  0.5828  0.9399  -0.5148   0.0000   0.3962
   2.000   0.4657   0.00447   0.00090  -0.0533  0.4732  0.9999  -0.7300   0.0000   0.3623
   3.000   0.5720   0.00526   0.00122  -0.0523  0.3490  0.9999  -1.1772   0.0000   0.3387
   4.000   0.6742   0.00684   0.00194  -0.0511  0.1438  0.9999  -1.8050   0.0000   0.3223
   5.000   0.7782   0.00822   0.00282  -0.0500  0.0396  0.9999  -2.6271   0.0000   0.3100
   6.000   0.8840   0.00926   0.00375  -0.0492  0.0183  0.9999  -3.6536   0.0000   0.3004
   7.000   0.9885   0.01038   0.00488  -0.0482  0.0119  0.9999  -4.8137   0.0000   0.2924
   8.000   1.0905   0.01173   0.00631  -0.0468  0.0089  0.9999  -6.1833   0.0000   0.2855
   9.000   1.1885   0.01343   0.00814  -0.0450  0.0071  0.9999  -7.6830   0.0000   0.2791
  10.000   1.2831   0.01529   0.01015  -0.0429  0.0058  0.9999  -9.2938   0.0000   0.2733
  11.000   1.3669   0.01816   0.01333  -0.0393  0.0051  0.9999  -10.8511   0.0000   0.2671
  12.000   1.4456   0.02099   0.01646  -0.0353  0.0046  0.9999  -12.5928   0.0000   0.2612
  13.000   1.5155   0.02393   0.01963  -0.0304  0.0041  0.9999  -14.4926   0.0000   0.2552
  14.000   1.5052   0.03172   0.02809  -0.0173  0.0036  0.9999  -15.3088   0.0000   0.2451


