flow5 v7.57

 Calculated polar for: NACA 2415

 1 1 Reynolds number fixed          Mach number fixed         

 xtrf =   1.000 (top)        1.000 (bottom)
 Mach =   0.000     Re =     1.000 e 6     Ncrit =   9.000

  alpha     CL        CD       CDp       Cm    Top Xtr Bot Xtr   Cpmin    Chinge    XCp    
 ------- -------- --------- --------- -------- ------- ------- -------- --------- ---------
  -6.000  -0.4122   0.00911   0.00346  -0.0557  0.8973  0.1075  -2.1571   0.0000   0.1030
  -5.000  -0.3037   0.00841   0.00280  -0.0547  0.8606  0.1450  -1.7326   0.0000   0.0574
  -4.000  -0.1944   0.00782   0.00229  -0.0538  0.8168  0.1970  -1.3628   0.0000  -0.0417
  -3.000  -0.0846   0.00739   0.00192  -0.0531  0.7666  0.2620  -1.0505   0.0000  -0.4007
  -2.000   0.0251   0.00709   0.00168  -0.0524  0.7112  0.3403  -0.7912   0.0000   2.3824
  -1.000   0.1339   0.00679   0.00155  -0.0515  0.6530  0.4488  -0.5835   0.0000   0.6374
   0.000   0.2421   0.00656   0.00157  -0.0505  0.5965  0.5878  -0.6713   0.0000   0.4568
   1.000   0.3502   0.00650   0.00170  -0.0494  0.5440  0.7126  -0.7780   0.0000   0.3873
   3.000   0.5612   0.00681   0.00233  -0.0455  0.4533  0.9260  -1.0648   0.0000   0.3248
   4.000   0.6754   0.00736   0.00276  -0.0454  0.4050  0.9771  -1.2881   0.0000   0.3101
   5.000   0.8203   0.00823   0.00335  -0.0528  0.3393  0.9938  -1.6250   0.0000   0.3063
   6.000   0.9463   0.00926   0.00403  -0.0566  0.2662  0.9999  -2.0154   0.0000   0.3006
   7.000   1.0216   0.01037   0.00483  -0.0497  0.2034  0.9999  -2.3784   0.0000   0.2882
   8.000   1.0997   0.01172   0.00588  -0.0436  0.1468  0.9999  -2.7923   0.0000   0.2780
   9.000   1.1809   0.01325   0.00719  -0.0385  0.1045  0.9999  -3.2578   0.0000   0.2696
  10.000   1.2553   0.01494   0.00874  -0.0325  0.0770  0.9999  -3.7580   0.0000   0.2615
  11.000   1.3227   0.01685   0.01063  -0.0260  0.0600  0.9999  -4.2749   0.0000   0.2536
  12.000   1.3852   0.01926   0.01307  -0.0198  0.0488  0.9999  -4.8178   0.0000   0.2466
  13.000   1.4387   0.02249   0.01638  -0.0138  0.0412  0.9999  -5.3485   0.0000   0.2401
  14.000   1.4827   0.02683   0.02086  -0.0086  0.0357  0.9999  -5.8918   0.0000   0.2344


