flow5 v7.57

 Calculated polar for: NACA 1412

 1 1 Reynolds number fixed          Mach number fixed         

 xtrf =   1.000 (top)        1.000 (bottom)
 Mach =   0.000     Re =     2.000 e 6     Ncrit =   9.000

  alpha     CL        CD       CDp       Cm    Top Xtr Bot Xtr   Cpmin    Chinge    XCp    
 ------- -------- --------- --------- -------- ------- ------- -------- --------- ---------
  -6.000  -0.5352   0.00792   0.00288  -0.0299  0.9514  0.0542  -2.5790   0.0000   0.1868
  -5.000  -0.4278   0.00723   0.00224  -0.0287  0.9166  0.0824  -1.9968   0.0000   0.1760
  -4.000  -0.3189   0.00662   0.00171  -0.0279  0.8697  0.1315  -1.5041   0.0000   0.1559
  -3.000  -0.2092   0.00609   0.00130  -0.0273  0.8096  0.2079  -1.0952   0.0000   0.1127
  -2.000  -0.0989   0.00571   0.00103  -0.0268  0.7380  0.3038  -0.7748   0.0000  -0.0300
  -1.000   0.0117   0.00543   0.00088  -0.0265  0.6601  0.4202  -0.5348   0.0000   2.5466
   0.000   0.1223   0.00523   0.00085  -0.0261  0.5806  0.5586  -0.4814   0.0000   0.4624
   1.000   0.2330   0.00518   0.00093  -0.0258  0.5036  0.6859  -0.6018   0.0000   0.3576
   2.000   0.3428   0.00526   0.00111  -0.0251  0.4284  0.8055  -0.7738   0.0000   0.3194
   3.000   0.4499   0.00558   0.00142  -0.0238  0.3432  0.9042  -1.0287   0.0000   0.2983
   4.000   0.5532   0.00628   0.00188  -0.0216  0.2473  0.9664  -1.3694   0.0000   0.2838
   5.000   0.6722   0.00735   0.00252  -0.0235  0.1501  0.9918  -1.8342   0.0000   0.2788
   6.000   0.8060   0.00852   0.00332  -0.0289  0.0826  0.9982  -2.4399   0.0000   0.2789
   7.000   0.9132   0.00952   0.00413  -0.0285  0.0515  1.0000  -3.0736   0.0000   0.2732
   8.000   1.0048   0.01050   0.00502  -0.0246  0.0364  1.0000  -3.7572   0.0000   0.2654
   9.000   1.1005   0.01161   0.00609  -0.0218  0.0274  1.0000  -4.5143   0.0000   0.2595
  10.000   1.1972   0.01283   0.00732  -0.0195  0.0222  1.0000  -5.3825   0.0000   0.2547
  11.000   1.2910   0.01424   0.00878  -0.0170  0.0185  1.0000  -6.2948   0.0000   0.2501
  12.000   1.3787   0.01595   0.01056  -0.0138  0.0158  1.0000  -7.2464   0.0000   0.2454
  13.000   1.4595   0.01782   0.01252  -0.0097  0.0139  1.0000  -8.2694   0.0000   0.2404
  14.000   1.5203   0.02016   0.01503  -0.0029  0.0126  1.0000  -9.2220   0.0000   0.2339


