flow5 v7.57

 Calculated polar for: NACA 2418

 1 1 Reynolds number fixed          Mach number fixed         

 xtrf =   1.000 (top)        1.000 (bottom)
 Mach =   0.000     Re =     0.500 e 6     Ncrit =   9.000

  alpha     CL        CD       CDp       Cm    Top Xtr Bot Xtr   Cpmin    Chinge    XCp    
 ------- -------- --------- --------- -------- ------- ------- -------- --------- ---------
  -5.000  -0.2906   0.01047   0.00423  -0.0569  0.8514  0.2373  -1.5631   0.0000   0.0363
  -4.000  -0.1845   0.00984   0.00365  -0.0553  0.8087  0.2890  -1.2832   0.0000  -0.0710
  -3.000  -0.0780   0.00937   0.00322  -0.0537  0.7619  0.3488  -1.0404   0.0000  -0.4750
  -2.000   0.0276   0.00899   0.00291  -0.0520  0.7123  0.4223  -0.8345   0.0000   2.1953
  -1.000   0.1319   0.00871   0.00279  -0.0501  0.6614  0.5213  -0.6807   0.0000   0.6339
   0.000   0.2360   0.00861   0.00282  -0.0480  0.6127  0.6233  -0.7757   0.0000   0.4510
   1.000   0.3402   0.00862   0.00300  -0.0459  0.5677  0.7186  -0.8829   0.0000   0.3796
   2.000   0.4436   0.00878   0.00332  -0.0434  0.5273  0.8106  -1.0055   0.0000   0.3409
   3.000   0.5452   0.00913   0.00378  -0.0404  0.4898  0.8933  -1.1477   0.0000   0.3157
   4.000   0.6515   0.00978   0.00438  -0.0383  0.4522  0.9531  -1.3225   0.0000   0.2994
   5.000   0.7940   0.01066   0.00512  -0.0447  0.4086  0.9810  -1.5746   0.0000   0.2958
   6.000   0.9542   0.01166   0.00592  -0.0555  0.3566  0.9963  -1.9081   0.0000   0.2967
   7.000   1.0351   0.01253   0.00659  -0.0505  0.3107  0.9999  -2.1855   0.0000   0.2860
   8.000   1.0803   0.01347   0.00739  -0.0380  0.2692  0.9999  -2.4381   0.0000   0.2709
   9.000   1.1304   0.01491   0.00865  -0.0271  0.2279  0.9999  -2.7230   0.0000   0.2583
  10.000   1.1925   0.01693   0.01053  -0.0200  0.1878  0.9999  -3.0552   0.0000   0.2494
  11.000   1.2484   0.01970   0.01319  -0.0133  0.1536  0.9999  -3.3977   0.0000   0.2417
  12.000   1.2981   0.02329   0.01675  -0.0074  0.1264  0.9999  -3.7485   0.0000   0.2349
  13.000   1.3385   0.02804   0.02154  -0.0024  0.1060  0.9999  -4.0944   0.0000   0.2290
  14.000   1.3661   0.03448   0.02807   0.0016  0.0912  0.9999  -4.4159   0.0000   0.2239


