flow5 v7.57

 Calculated polar for: NACA 4415

 1 1 Reynolds number fixed          Mach number fixed         

 xtrf =   1.000 (top)        1.000 (bottom)
 Mach =   0.000     Re =     2.000 e 6     Ncrit =   9.000

  alpha     CL        CD       CDp       Cm    Top Xtr Bot Xtr   Cpmin    Chinge    XCp    
 ------- -------- --------- --------- -------- ------- ------- -------- --------- ---------
  -5.000  -0.0751   0.00736   0.00202  -0.1018  0.7430  0.0820  -1.8629   0.0000  -1.1546
  -4.000   0.0378   0.00709   0.00170  -0.1017  0.6993  0.1062  -1.4523   0.0000   3.0158
  -2.000   0.2631   0.00680   0.00137  -0.1015  0.6050  0.1857  -0.8023   0.0000   0.6394
  -1.000   0.3754   0.00677   0.00135  -0.1014  0.5605  0.2428  -0.7819   0.0000   0.5201
   1.000   0.5995   0.00664   0.00155  -0.1013  0.4898  0.4529  -0.9701   0.0000   0.4154
   2.000   0.7094   0.00636   0.00181  -0.1010  0.4627  0.6891  -1.0789   0.0000   0.3874
   3.000   0.8130   0.00617   0.00217  -0.0989  0.4378  0.9228  -1.1994   0.0000   0.3655
   4.000   0.9445   0.00657   0.00252  -0.1032  0.4080  0.9997  -1.3680   0.0000   0.3518
   5.000   1.0442   0.00712   0.00290  -0.1007  0.3694  0.9998  -1.5685   0.0000   0.3377
   6.000   1.1430   0.00793   0.00347  -0.0984  0.3190  0.9998  -1.8510   0.0000   0.3260
   7.000   1.2367   0.00905   0.00429  -0.0954  0.2591  0.9998  -2.1982   0.0000   0.3156
   8.000   1.3223   0.01048   0.00538  -0.0911  0.1951  0.9998  -2.5907   0.0000   0.3059
   9.000   1.3928   0.01220   0.00679  -0.0842  0.1385  0.9998  -3.0038   0.0000   0.2959
  10.000   1.4586   0.01422   0.00858  -0.0771  0.0966  0.9998  -3.4491   0.0000   0.2867
  11.000   1.5218   0.01649   0.01074  -0.0705  0.0703  0.9998  -3.9351   0.0000   0.2784
  12.000   1.5785   0.01931   0.01351  -0.0639  0.0530  0.9998  -4.4305   0.0000   0.2708
  13.000   1.6290   0.02281   0.01703  -0.0578  0.0421  0.9998  -4.9542   0.0000   0.2638
  14.000   1.6733   0.02715   0.02145  -0.0523  0.0350  0.9998  -5.4754   0.0000   0.2574


