flow5 v7.57

 Calculated polar for: NACA 0024

 1 1 Reynolds number fixed          Mach number fixed         

 xtrf =   1.000 (top)        1.000 (bottom)
 Mach =   0.000     Re =     2.000 e 6     Ncrit =   9.000

  alpha     CL        CD       CDp       Cm    Top Xtr Bot Xtr   Cpmin    Chinge    XCp    
 ------- -------- --------- --------- -------- ------- ------- -------- --------- ---------
  -6.000  -0.6317   0.00888   0.00355  -0.0088  0.6973  0.2515  -1.8133   0.0000   0.2163
  -5.000  -0.5311   0.00850   0.00313  -0.0066  0.6487  0.2785  -1.6109   0.0000   0.2185
  -4.000  -0.4280   0.00818   0.00279  -0.0048  0.6023  0.3081  -1.4260   0.0000   0.2204
  -2.000  -0.2159   0.00780   0.00238  -0.0021  0.5173  0.3712  -1.1058   0.0000   0.2226
  -1.000  -0.1081   0.00771   0.00228  -0.0010  0.4780  0.4048  -0.9684   0.0000   0.2231
   0.000  -0.0000   0.00770   0.00225   0.0000  0.4403  0.4403  -0.8444   0.0000   0.4572
   1.000   0.1081   0.00771   0.00228   0.0010  0.4048  0.4780  -0.9684   0.0000   0.2231
   2.000   0.2159   0.00780   0.00238   0.0021  0.3712  0.5173  -1.1058   0.0000   0.2227
   4.000   0.4280   0.00818   0.00279   0.0048  0.3081  0.6023  -1.4261   0.0000   0.2204
   5.000   0.5311   0.00850   0.00313   0.0066  0.2785  0.6487  -1.6109   0.0000   0.2186
   6.000   0.6318   0.00888   0.00355   0.0088  0.2515  0.6973  -1.8134   0.0000   0.2163
   7.000   0.7246   0.00932   0.00404   0.0125  0.2266  0.7476  -2.0288   0.0000   0.2121
   8.000   0.8158   0.00996   0.00475   0.0162  0.2032  0.7995  -2.2620   0.0000   0.2085
   9.000   0.9062   0.01080   0.00566   0.0196  0.1818  0.8504  -2.5145   0.0000   0.2056
  10.000   0.9923   0.01184   0.00678   0.0234  0.1628  0.8984  -2.7817   0.0000   0.2024
  11.000   1.0705   0.01318   0.00819   0.0281  0.1462  0.9430  -3.0574   0.0000   0.1982
  12.000   1.1380   0.01496   0.00999   0.0341  0.1315  0.9827  -3.3338   0.0000   0.1929
  13.000   1.2376   0.01729   0.01229   0.0322  0.1180  0.9965  -3.6796   0.0000   0.1955
  14.000   1.3119   0.02024   0.01521   0.0333  0.1061  1.0000  -3.9959   0.0000   0.1944


