flow5 v7.57

 Calculated polar for: NACA 4412

 1 1 Reynolds number fixed          Mach number fixed         

 xtrf =   1.000 (top)        1.000 (bottom)
 Mach =   0.000     Re =     2.000 e 6     Ncrit =   9.000

  alpha     CL        CD       CDp       Cm    Top Xtr Bot Xtr   Cpmin    Chinge    XCp    
 ------- -------- --------- --------- -------- ------- ------- -------- --------- ---------
  -6.000  -0.1907   0.00761   0.00256  -0.1034  0.8397  0.0346  -2.9695   0.0000  -0.3100
  -5.000  -0.0780   0.00713   0.00198  -0.1033  0.8027  0.0454  -2.3108   0.0000  -1.1089
  -4.000   0.0349   0.00677   0.00155  -0.1033  0.7600  0.0635  -1.7381   0.0000   3.2622
  -3.000   0.1478   0.00651   0.00125  -0.1032  0.7118  0.0941  -1.2524   0.0000   0.9578
  -2.000   0.2604   0.00635   0.00108  -0.1032  0.6595  0.1414  -0.8546   0.0000   0.6492
  -1.000   0.3728   0.00628   0.00102  -0.1032  0.6060  0.2088  -0.6819   0.0000   0.5271
   0.000   0.4849   0.00626   0.00108  -0.1033  0.5563  0.3024  -0.7662   0.0000   0.4615
   1.000   0.5959   0.00595   0.00124  -0.1033  0.5140  0.5435  -0.8584   0.0000   0.4208
   2.000   0.6984   0.00537   0.00157  -0.1012  0.4796  0.9316  -0.9574   0.0000   0.3912
   3.000   0.8200   0.00568   0.00180  -0.1033  0.4472  0.9998  -1.0873   0.0000   0.3711
   4.000   0.9289   0.00616   0.00212  -0.1028  0.4088  0.9998  -1.2741   0.0000   0.3547
   5.000   1.0345   0.00690   0.00259  -0.1017  0.3484  0.9998  -1.6171   0.0000   0.3412
   6.000   1.1337   0.00809   0.00337  -0.0998  0.2612  0.9998  -2.0590   0.0000   0.3297
   7.000   1.2243   0.00986   0.00457  -0.0965  0.1542  0.9998  -2.5696   0.0000   0.3192
   8.000   1.3110   0.01172   0.00599  -0.0926  0.0801  0.9998  -3.1548   0.0000   0.3096
   9.000   1.3962   0.01336   0.00744  -0.0886  0.0464  0.9998  -3.8138   0.0000   0.3010
  10.000   1.4726   0.01497   0.00899  -0.0830  0.0315  0.9998  -4.5125   0.0000   0.2923
  11.000   1.5399   0.01686   0.01090  -0.0764  0.0237  0.9998  -5.2446   0.0000   0.2839
  12.000   1.6014   0.01918   0.01330  -0.0697  0.0192  0.9998  -6.0192   0.0000   0.2761
  13.000   1.6541   0.02228   0.01650  -0.0631  0.0160  0.9998  -6.7887   0.0000   0.2687
  14.000   1.6943   0.02664   0.02101  -0.0564  0.0135  0.9998  -7.5209   0.0000   0.2619


