flow5 v7.57

 Calculated polar for: NACA 0015

 1 1 Reynolds number fixed          Mach number fixed         

 xtrf =   1.000 (top)        1.000 (bottom)
 Mach =   0.000     Re =     1.000 e 6     Ncrit =   9.000

  alpha     CL        CD       CDp       Cm    Top Xtr Bot Xtr   Cpmin    Chinge    XCp    
 ------- -------- --------- --------- -------- ------- ------- -------- --------- ---------
  -6.000  -0.6411   0.00919   0.00377  -0.0085  0.9699  0.1731  -2.0125   0.0000   0.2273
  -5.000  -0.5364   0.00820   0.00303  -0.0068  0.9376  0.2351  -1.6299   0.0000   0.2286
  -4.000  -0.4324   0.00744   0.00244  -0.0048  0.8918  0.3051  -1.3062   0.0000   0.2308
  -3.000  -0.3258   0.00691   0.00200  -0.0033  0.8330  0.3793  -1.0366   0.0000   0.2323
  -2.000  -0.2177   0.00658   0.00171  -0.0020  0.7627  0.4550  -0.8200   0.0000   0.2332
  -1.000  -0.1091   0.00641   0.00154  -0.0010  0.6867  0.5316  -0.6510   0.0000   0.2340
   0.000   0.0000   0.00635   0.00148  -0.0000  0.6088  0.6088  -0.5182   0.0000   0.4145
   1.000   0.1091   0.00641   0.00154   0.0010  0.5316  0.6867  -0.6510   0.0000   0.2340
   2.000   0.2177   0.00658   0.00171   0.0020  0.4550  0.7627  -0.8200   0.0000   0.2332
   3.000   0.3258   0.00691   0.00200   0.0033  0.3793  0.8330  -1.0366   0.0000   0.2323
   4.000   0.4324   0.00744   0.00244   0.0048  0.3051  0.8918  -1.3062   0.0000   0.2308
   5.000   0.5364   0.00820   0.00303   0.0068  0.2351  0.9376  -1.6300   0.0000   0.2286
   6.000   0.6412   0.00918   0.00377   0.0085  0.1730  0.9699  -2.0125   0.0000   0.2273
   7.000   0.7669   0.01043   0.00474   0.0051  0.1209  0.9852  -2.4981   0.0000   0.2331
   8.000   0.9034   0.01176   0.00587  -0.0009  0.0850  0.9927  -3.0780   0.0000   0.2400
   9.000   1.0377   0.01318   0.00716  -0.0068  0.0630  0.9989  -3.7220   0.0000   0.2444
  10.000   1.1154   0.01441   0.00838  -0.0009  0.0517  1.0000  -4.2772   0.0000   0.2375
  11.000   1.1763   0.01588   0.00987   0.0081  0.0439  1.0000  -4.8042   0.0000   0.2284
  12.000   1.2430   0.01756   0.01162   0.0153  0.0383  1.0000  -5.4059   0.0000   0.2215
  13.000   1.2977   0.01983   0.01400   0.0233  0.0339  1.0000  -5.9872   0.0000   0.2143
  14.000   1.3547   0.02260   0.01695   0.0289  0.0308  1.0000  -6.5969   0.0000   0.2091


