flow5 v7.57

 Calculated polar for: NACA 6412

 1 1 Reynolds number fixed          Mach number fixed         

 xtrf =   1.000 (top)        1.000 (bottom)
 Mach =   0.000     Re =     1.000 e 6     Ncrit =   9.000

  alpha     CL        CD       CDp       Cm    Top Xtr Bot Xtr   Cpmin    Chinge    XCp    
 ------- -------- --------- --------- -------- ------- ------- -------- --------- ---------
  -6.000   0.0434   0.00929   0.00387  -0.1529  0.8305  0.0349  -3.1818   0.0000   3.8719
  -5.000   0.1560   0.00862   0.00301  -0.1529  0.7994  0.0428  -2.4849   0.0000   1.2516
  -4.000   0.2682   0.00809   0.00234  -0.1528  0.7641  0.0555  -1.8928   0.0000   0.8291
  -3.000   0.3800   0.00778   0.00192  -0.1525  0.7247  0.0760  -1.3764   0.0000   0.6561
  -2.000   0.4909   0.00764   0.00170  -0.1522  0.6807  0.1095  -0.9425   0.0000   0.5619
  -1.000   0.6007   0.00764   0.00166  -0.1517  0.6345  0.1609  -0.9035   0.0000   0.5025
   0.000   0.7096   0.00776   0.00178  -0.1512  0.5892  0.2332  -0.9877   0.0000   0.4615
   1.000   0.8181   0.00788   0.00203  -0.1507  0.5500  0.3510  -1.0774   0.0000   0.4313
   3.000   1.0287   0.00757   0.00285  -0.1485  0.4947  0.9998  -1.2739   0.0000   0.3888
   4.000   1.1360   0.00807   0.00329  -0.1479  0.4738  0.9998  -1.3885   0.0000   0.3733
   5.000   1.2405   0.00868   0.00383  -0.1468  0.4534  0.9998  -1.5187   0.0000   0.3601
   6.000   1.3423   0.00931   0.00444  -0.1453  0.4237  0.9998  -1.8227   0.0000   0.3485
   7.000   1.4389   0.01013   0.00518  -0.1430  0.3832  0.9998  -2.2867   0.0000   0.3381
   8.000   1.5193   0.01150   0.00632  -0.1378  0.3206  0.9998  -2.8018   0.0000   0.3278
   9.000   1.5723   0.01421   0.00851  -0.1283  0.2183  0.9998  -3.3143   0.0000   0.3171
  10.000   1.5994   0.01851   0.01219  -0.1160  0.1131  0.9998  -3.7829   0.0000   0.3063
  11.000   1.6270   0.02329   0.01672  -0.1057  0.0595  0.9998  -4.2919   0.0000   0.2969
  12.000   1.6580   0.02848   0.02194  -0.0977  0.0386  0.9998  -4.8334   0.0000   0.2889
  13.000   1.6830   0.03486   0.02845  -0.0910  0.0286  0.9998  -5.4077   0.0000   0.2819
  14.000   1.6988   0.04295   0.03675  -0.0855  0.0232  0.9998  -5.9575   0.0000   0.2760


