flow5 v7.57

 Calculated polar for: NACA 0015

 1 1 Reynolds number fixed          Mach number fixed         

 xtrf =   1.000 (top)        1.000 (bottom)
 Mach =   0.000     Re =     0.500 e 6     Ncrit =   9.000

  alpha     CL        CD       CDp       Cm    Top Xtr Bot Xtr   Cpmin    Chinge    XCp    
 ------- -------- --------- --------- -------- ------- ------- -------- --------- ---------
  -6.000  -0.6942   0.01150   0.00533   0.0018  0.9838  0.2073  -2.1081   0.0000   0.2434
  -5.000  -0.5472   0.01015   0.00437  -0.0062  0.9712  0.2917  -1.6445   0.0000   0.2299
  -4.000  -0.4214   0.00905   0.00358  -0.0089  0.9455  0.3759  -1.2904   0.0000   0.2205
  -3.000  -0.3154   0.00824   0.00299  -0.0069  0.9020  0.4556  -1.0242   0.0000   0.2204
  -2.000  -0.2109   0.00770   0.00258  -0.0044  0.8435  0.5352  -0.8137   0.0000   0.2216
  -1.000  -0.1055   0.00740   0.00233  -0.0022  0.7730  0.6154  -0.6482   0.0000   0.2222
   0.000  -0.0000   0.00731   0.00225   0.0000  0.6956  0.6956  -0.5180   0.0000   0.4704
   1.000   0.1055   0.00740   0.00233   0.0022  0.6154  0.7730  -0.6482   0.0000   0.2222
   2.000   0.2109   0.00770   0.00258   0.0044  0.5352  0.8435  -0.8137   0.0000   0.2216
   3.000   0.3154   0.00824   0.00299   0.0068  0.4556  0.9019  -1.0242   0.0000   0.2204
   5.000   0.5472   0.01015   0.00437   0.0062  0.2917  0.9712  -1.6445   0.0000   0.2299
   6.000   0.6942   0.01149   0.00533  -0.0019  0.2073  0.9839  -2.1081   0.0000   0.2434
   7.000   0.8388   0.01299   0.00647  -0.0098  0.1395  0.9953  -2.6441   0.0000   0.2517
   8.000   0.9452   0.01438   0.00770  -0.0102  0.1004  1.0000  -3.1612   0.0000   0.2498
   9.000   1.0064   0.01582   0.00908  -0.0013  0.0800  1.0000  -3.6012   0.0000   0.2391
  10.000   1.0640   0.01751   0.01077   0.0081  0.0662  1.0000  -4.0794   0.0000   0.2289
  11.000   1.1204   0.01955   0.01285   0.0170  0.0563  1.0000  -4.5717   0.0000   0.2200
  12.000   1.1633   0.02243   0.01583   0.0264  0.0495  1.0000  -5.0507   0.0000   0.2109
  13.000   1.2073   0.02625   0.01984   0.0327  0.0440  1.0000  -5.5542   0.0000   0.2049
  14.000   1.2469   0.03132   0.02520   0.0364  0.0401  1.0000  -6.0424   0.0000   0.2008


