flow5 v7.57

 Calculated polar for: NACA 0006

 1 1 Reynolds number fixed          Mach number fixed         

 xtrf =   1.000 (top)        1.000 (bottom)
 Mach =   0.000     Re =     2.000 e 6     Ncrit =   9.000

  alpha     CL        CD       CDp       Cm    Top Xtr Bot Xtr   Cpmin    Chinge    XCp    
 ------- -------- --------- --------- -------- ------- ------- -------- --------- ---------
  -6.000  -0.6567   0.00965   0.00492  -0.0012  1.0000  0.0057  -6.2360   0.0000   0.2445
  -5.000  -0.5518   0.00805   0.00313  -0.0001  1.0000  0.0077  -4.6108   0.0000   0.2469
  -4.000  -0.4462   0.00702   0.00203   0.0011  1.0000  0.0127  -3.1686   0.0000   0.2501
  -3.000  -0.3427   0.00621   0.00132   0.0027  1.0000  0.0377  -1.9911   0.0000   0.2562
  -2.000  -0.2202   0.00491   0.00079  -0.0005  0.9945  0.2429  -1.0350   0.0000   0.2465
  -1.000  -0.0999   0.00367   0.00051  -0.0029  0.9493  0.5549  -0.4485   0.0000   0.2195
   0.000  -0.0000   0.00324   0.00040   0.0000  0.8000  0.8000  -0.2092   0.0000   0.4648
   1.000   0.0999   0.00367   0.00051   0.0029  0.5549  0.9493  -0.4485   0.0000   0.2195
   2.000   0.2202   0.00491   0.00079   0.0005  0.2429  0.9945  -1.0350   0.0000   0.2465
   3.000   0.3427   0.00621   0.00132  -0.0027  0.0377  1.0000  -1.9910   0.0000   0.2562
   4.000   0.4462   0.00702   0.00203  -0.0011  0.0127  1.0000  -3.1686   0.0000   0.2501
   5.000   0.5518   0.00805   0.00313   0.0001  0.0077  1.0000  -4.6108   0.0000   0.2469
   7.000   0.7585   0.01222   0.00783   0.0026  0.0042  1.0000  -8.1618   0.0000   0.2421
   8.000   0.8559   0.01606   0.01227   0.0044  0.0038  1.0000  -10.1038   0.0000   0.2395
   9.000   0.9457   0.02122   0.01815   0.0063  0.0032  1.0000  -12.1123   0.0000   0.2369


