flow5 v7.57

 Calculated polar for: NACA 4424

 1 1 Reynolds number fixed          Mach number fixed         

 xtrf =   1.000 (top)        1.000 (bottom)
 Mach =   0.000     Re =     1.000 e 6     Ncrit =   9.000

  alpha     CL        CD       CDp       Cm    Top Xtr Bot Xtr   Cpmin    Chinge    XCp    
 ------- -------- --------- --------- -------- ------- ------- -------- --------- ---------
  -5.000  -0.0715   0.00980   0.00358  -0.0938  0.6553  0.2195  -1.5058   0.0000  -1.1760
  -4.000   0.0309   0.00963   0.00336  -0.0916  0.6198  0.2442  -1.2938   0.0000   3.4179
  -3.000   0.1317   0.00953   0.00323  -0.0891  0.5861  0.2718  -1.1023   0.0000   0.9589
  -2.000   0.2325   0.00949   0.00318  -0.0865  0.5550  0.3022  -0.9769   0.0000   0.6325
  -1.000   0.3315   0.00951   0.00320  -0.0837  0.5279  0.3366  -1.0647   0.0000   0.5037
   0.000   0.4243   0.00955   0.00329  -0.0797  0.5047  0.3770  -1.1555   0.0000   0.4338
   1.000   0.5183   0.00960   0.00348  -0.0761  0.4840  0.4357  -1.2532   0.0000   0.3894
   2.000   0.6174   0.00975   0.00388  -0.0738  0.4652  0.5318  -1.3620   0.0000   0.3594
   3.000   0.7178   0.01002   0.00439  -0.0719  0.4466  0.6221  -1.4810   0.0000   0.3378
   4.000   0.8145   0.01046   0.00505  -0.0694  0.4279  0.7109  -1.6078   0.0000   0.3210
   5.000   0.9108   0.01091   0.00582  -0.0670  0.4087  0.8168  -1.7463   0.0000   0.3074
   6.000   0.9906   0.01166   0.00686  -0.0612  0.3877  0.9487  -1.8845   0.0000   0.2937
   7.000   1.1002   0.01281   0.00796  -0.0626  0.3639  0.9997  -2.0642   0.0000   0.2872
   8.000   1.1769   0.01422   0.00929  -0.0581  0.3406  0.9997  -2.2307   0.0000   0.2777
   9.000   1.2512   0.01610   0.01107  -0.0540  0.3164  0.9997  -2.4122   0.0000   0.2696
  10.000   1.3198   0.01849   0.01339  -0.0498  0.2920  0.9997  -2.6051   0.0000   0.2621
  11.000   1.3813   0.02155   0.01639  -0.0455  0.2678  0.9997  -2.8064   0.0000   0.2552
  12.000   1.4341   0.02545   0.02024  -0.0412  0.2442  0.9997  -3.0122   0.0000   0.2487
  13.000   1.4797   0.03021   0.02500  -0.0371  0.2219  0.9997  -3.2222   0.0000   0.2427
  14.000   1.5148   0.03612   0.03093  -0.0333  0.2011  0.9997  -3.4270   0.0000   0.2372


