flow5 v7.57

 Calculated polar for: NACA 1408

 1 1 Reynolds number fixed          Mach number fixed         

 xtrf =   1.000 (top)        1.000 (bottom)
 Mach =   0.000     Re =     1.000 e 6     Ncrit =   9.000

  alpha     CL        CD       CDp       Cm    Top Xtr Bot Xtr   Cpmin    Chinge    XCp    
 ------- -------- --------- --------- -------- ------- ------- -------- --------- ---------
  -6.000  -0.5817   0.01051   0.00497  -0.0190  1.0000  0.0159  -4.4634   0.0000   0.2128
  -5.000  -0.4793   0.00927   0.00363  -0.0175  0.9990  0.0219  -3.4092   0.0000   0.2096
  -4.000  -0.3396   0.00802   0.00244  -0.0240  0.9920  0.0424  -2.3169   0.0000   0.1757
  -3.000  -0.2037   0.00682   0.00167  -0.0298  0.9820  0.1430  -1.4595   0.0000   0.1001
  -2.000  -0.0865   0.00558   0.00119  -0.0313  0.9533  0.3608  -0.8605   0.0000  -0.1161
  -1.000   0.0163   0.00447   0.00092  -0.0291  0.8984  0.6554  -0.4766   0.0000   2.0446
   0.000   0.1152   0.00394   0.00089  -0.0253  0.8158  0.8930  -0.3379   0.0000   0.4688
   1.000   0.2333   0.00432   0.00097  -0.0257  0.6990  0.9872  -0.4717   0.0000   0.3588
   2.000   0.3649   0.00509   0.00113  -0.0304  0.5356  1.0000  -0.8120   0.0000   0.3312
   3.000   0.4655   0.00603   0.00144  -0.0284  0.3664  1.0000  -1.3049   0.0000   0.3083
   4.000   0.5631   0.00773   0.00219  -0.0262  0.1363  1.0000  -1.9674   0.0000   0.2933
   5.000   0.6644   0.00926   0.00324  -0.0246  0.0374  1.0000  -2.7939   0.0000   0.2830
   6.000   0.7675   0.01067   0.00462  -0.0231  0.0203  1.0000  -3.8097   0.0000   0.2753
   7.000   0.8698   0.01219   0.00626  -0.0217  0.0145  1.0000  -4.9340   0.0000   0.2692
   8.000   0.9674   0.01435   0.00863  -0.0196  0.0114  1.0000  -6.2294   0.0000   0.2635
   9.000   1.0593   0.01721   0.01180  -0.0170  0.0093  1.0000  -7.5592   0.0000   0.2581
  10.000   1.1379   0.02189   0.01693  -0.0131  0.0080  1.0000  -8.7870   0.0000   0.2523
  11.000   1.2084   0.02688   0.02259  -0.0086  0.0073  1.0000  -10.0763   0.0000   0.2466
  12.000   1.2482   0.03373   0.03018  -0.0020  0.0066  1.0000  -11.2066   0.0000   0.2397
  13.000   1.2442   0.04181   0.03877   0.0048  0.0062  1.0000  -12.0269   0.0000   0.2327
  14.000   1.1797   0.06593   0.06365  -0.0084  0.0061  1.0000  -11.6796   0.0000   0.2418


