flow5 v7.57

 Calculated polar for: NACA 0021

 1 1 Reynolds number fixed          Mach number fixed         

 xtrf =   1.000 (top)        1.000 (bottom)
 Mach =   0.000     Re =     1.000 e 6     Ncrit =   9.000

  alpha     CL        CD       CDp       Cm    Top Xtr Bot Xtr   Cpmin    Chinge    XCp    
 ------- -------- --------- --------- -------- ------- ------- -------- --------- ---------
  -6.000  -0.6309   0.00955   0.00406  -0.0096  0.8346  0.2650  -1.7875   0.0000   0.2188
  -5.000  -0.5296   0.00902   0.00349  -0.0074  0.7817  0.3019  -1.5534   0.0000   0.2208
  -4.000  -0.4261   0.00861   0.00306  -0.0055  0.7266  0.3412  -1.3446   0.0000   0.2224
  -3.000  -0.3210   0.00832   0.00273  -0.0039  0.6716  0.3825  -1.1604   0.0000   0.2237
  -2.000  -0.2145   0.00813   0.00252  -0.0025  0.6179  0.4257  -0.9990   0.0000   0.2244
  -1.000  -0.1075   0.00801   0.00238  -0.0012  0.5664  0.4703  -0.8575   0.0000   0.2249
   0.000  -0.0000   0.00798   0.00234   0.0000  0.5175  0.5175  -0.7331   0.0000   0.4561
   1.000   0.1075   0.00801   0.00238   0.0012  0.4703  0.5664  -0.8575   0.0000   0.2249
   2.000   0.2145   0.00813   0.00252   0.0025  0.4257  0.6179  -0.9990   0.0000   0.2244
   3.000   0.3210   0.00832   0.00273   0.0039  0.3825  0.6716  -1.1604   0.0000   0.2237
   4.000   0.4262   0.00861   0.00306   0.0055  0.3412  0.7266  -1.3446   0.0000   0.2225
   5.000   0.5296   0.00902   0.00349   0.0074  0.3019  0.7817  -1.5534   0.0000   0.2209
   6.000   0.6310   0.00955   0.00406   0.0096  0.2650  0.8346  -1.7875   0.0000   0.2189
   7.000   0.7288   0.01024   0.00477   0.0124  0.2307  0.8828  -2.0467   0.0000   0.2162
   8.000   0.8201   0.01110   0.00562   0.0164  0.1998  0.9258  -2.3240   0.0000   0.2122
   9.000   0.8989   0.01216   0.00666   0.0228  0.1735  0.9643  -2.6095   0.0000   0.2057
  10.000   1.0030   0.01372   0.00812   0.0228  0.1482  0.9869  -2.9617   0.0000   0.2072
  11.000   1.1277   0.01558   0.00987   0.0177  0.1257  0.9954  -3.3828   0.0000   0.2132
  12.000   1.2055   0.01750   0.01176   0.0206  0.1098  1.0000  -3.7456   0.0000   0.2103
  13.000   1.2325   0.01979   0.01406   0.0322  0.0989  1.0000  -4.0166   0.0000   0.1994
  14.000   1.2805   0.02323   0.01754   0.0375  0.0886  1.0000  -4.3491   0.0000   0.1943


