flow5 v7.57

 Calculated polar for: NACA 2408

 1 1 Reynolds number fixed          Mach number fixed         

 xtrf =   1.000 (top)        1.000 (bottom)
 Mach =   0.000     Re =     1.000 e 6     Ncrit =   9.000

  alpha     CL        CD       CDp       Cm    Top Xtr Bot Xtr   Cpmin    Chinge    XCp    
 ------- -------- --------- --------- -------- ------- ------- -------- --------- ---------
  -6.000  -0.4578   0.01080   0.00554  -0.0471  0.9938  0.0150  -4.6508   0.0000   0.1421
  -5.000  -0.3197   0.00902   0.00362  -0.0533  0.9865  0.0212  -3.3938   0.0000   0.0783
  -4.000  -0.1912   0.00784   0.00241  -0.0571  0.9742  0.0353  -2.3423   0.0000  -0.0541
  -3.000  -0.0789   0.00688   0.00164  -0.0570  0.9474  0.0865  -1.5514   0.0000  -0.4806
  -2.000   0.0278   0.00602   0.00116  -0.0557  0.9067  0.2272  -0.9467   0.0000   2.2658
  -1.000   0.1340   0.00502   0.00090  -0.0547  0.8512  0.5210  -0.5102   0.0000   0.6590
   0.000   0.2310   0.00406   0.00092  -0.0507  0.7788  0.9226  -0.4212   0.0000   0.4691
   1.000   0.3624   0.00441   0.00093  -0.0547  0.6864  0.9999  -0.5276   0.0000   0.3996
   2.000   0.4669   0.00500   0.00109  -0.0531  0.5782  0.9999  -0.7316   0.0000   0.3617
   3.000   0.5721   0.00580   0.00143  -0.0519  0.4562  0.9999  -1.1748   0.0000   0.3380
   4.000   0.6751   0.00710   0.00204  -0.0506  0.2785  0.9999  -1.8039   0.0000   0.3215
   5.000   0.7725   0.00935   0.00328  -0.0488  0.0642  0.9999  -2.5887   0.0000   0.3089
   6.000   0.8747   0.01087   0.00461  -0.0474  0.0242  0.9999  -3.5615   0.0000   0.2989
   7.000   0.9750   0.01257   0.00639  -0.0456  0.0156  0.9999  -4.6334   0.0000   0.2905
   8.000   1.0713   0.01460   0.00861  -0.0434  0.0118  0.9999  -5.8820   0.0000   0.2831
   9.000   1.1599   0.01739   0.01165  -0.0402  0.0096  0.9999  -7.1931   0.0000   0.2760
  10.000   1.2448   0.02023   0.01477  -0.0368  0.0080  0.9999  -8.5917   0.0000   0.2696
  11.000   1.3060   0.02560   0.02072  -0.0306  0.0072  0.9999  -9.7056   0.0000   0.2620
  12.000   1.3458   0.03132   0.02706  -0.0223  0.0065  0.9999  -10.8666   0.0000   0.2537
  13.000   1.3476   0.03892   0.03527  -0.0134  0.0061  0.9999  -11.7191   0.0000   0.2456
  14.000   1.3297   0.05143   0.04831  -0.0131  0.0058  0.9999  -12.3342   0.0000   0.2436


