flow5 v7.57

 Calculated polar for: NACA 2412

 1 1 Reynolds number fixed          Mach number fixed         

 xtrf =   1.000 (top)        1.000 (bottom)
 Mach =   0.000     Re =     0.500 e 6     Ncrit =   9.000

  alpha     CL        CD       CDp       Cm    Top Xtr Bot Xtr   Cpmin    Chinge    XCp    
 ------- -------- --------- --------- -------- ------- ------- -------- --------- ---------
  -6.000  -0.4385   0.01205   0.00561  -0.0525  0.9746  0.0665  -2.7129   0.0000   0.1220
  -5.000  -0.3002   0.01055   0.00427  -0.0583  0.9616  0.1037  -2.0505   0.0000   0.0469
  -4.000  -0.1845   0.00934   0.00333  -0.0588  0.9367  0.1737  -1.5325   0.0000  -0.0797
  -3.000  -0.0768   0.00836   0.00266  -0.0575  0.9017  0.2788  -1.1160   0.0000  -0.5155
  -2.000   0.0293   0.00747   0.00219  -0.0558  0.8562  0.4286  -0.7825   0.0000   2.1814
  -1.000   0.1328   0.00665   0.00197  -0.0535  0.8012  0.6595  -0.5272   0.0000   0.6546
   0.000   0.2333   0.00630   0.00201  -0.0497  0.7372  0.8522  -0.5596   0.0000   0.4619
   1.000   0.3475   0.00662   0.00221  -0.0487  0.6672  0.9634  -0.6656   0.0000   0.3874
   2.000   0.5053   0.00720   0.00243  -0.0583  0.5921  0.9962  -0.8387   0.0000   0.3618
   3.000   0.6144   0.00770   0.00264  -0.0581  0.5246  0.9999  -1.0655   0.0000   0.3401
   4.000   0.7092   0.00832   0.00301  -0.0546  0.4588  0.9999  -1.3743   0.0000   0.3217
   5.000   0.8039   0.00912   0.00357  -0.0512  0.3817  0.9999  -1.7703   0.0000   0.3074
   6.000   0.8960   0.01045   0.00445  -0.0477  0.2745  0.9999  -2.2442   0.0000   0.2959
   7.000   0.9837   0.01244   0.00585  -0.0440  0.1563  0.9999  -2.7816   0.0000   0.2863
   8.000   1.0688   0.01466   0.00768  -0.0400  0.0827  0.9999  -3.3737   0.0000   0.2778
   9.000   1.1507   0.01692   0.00985  -0.0356  0.0541  0.9999  -4.0261   0.0000   0.2700
  10.000   1.2211   0.01961   0.01257  -0.0297  0.0410  0.9999  -4.6825   0.0000   0.2621
  11.000   1.2771   0.02247   0.01564  -0.0220  0.0339  0.9999  -5.3474   0.0000   0.2534
  12.000   1.3190   0.02657   0.01998  -0.0144  0.0293  0.9999  -5.9662   0.0000   0.2455
  13.000   1.3455   0.03258   0.02625  -0.0081  0.0262  0.9999  -6.5150   0.0000   0.2389
  14.000   1.3717   0.03966   0.03367  -0.0049  0.0235  0.9999  -7.1256   0.0000   0.2345


