flow5 v7.57

 Calculated polar for: NACA 0008

 1 1 Reynolds number fixed          Mach number fixed         

 xtrf =   1.000 (top)        1.000 (bottom)
 Mach =   0.000     Re =     1.000 e 6     Ncrit =   9.000

  alpha     CL        CD       CDp       Cm    Top Xtr Bot Xtr   Cpmin    Chinge    XCp    
 ------- -------- --------- --------- -------- ------- ------- -------- --------- ---------
  -6.000  -0.6660   0.01045   0.00464   0.0002  1.0000  0.0180  -4.0896   0.0000   0.2458
  -5.000  -0.5672   0.00914   0.00330   0.0027  1.0000  0.0275  -3.0801   0.0000   0.2509
  -4.000  -0.4693   0.00804   0.00233   0.0053  1.0000  0.0614  -2.2105   0.0000   0.2582
  -3.000  -0.3626   0.00669   0.00165   0.0056  0.9983  0.2152  -1.4662   0.0000   0.2627
  -2.000  -0.2218   0.00525   0.00120  -0.0017  0.9870  0.4797  -0.8278   0.0000   0.2399
  -1.000  -0.0999   0.00429   0.00096  -0.0038  0.9492  0.6976  -0.4539   0.0000   0.2099
   0.000  -0.0000   0.00390   0.00088   0.0000  0.8544  0.8544  -0.2772   0.0000   0.7067
   1.000   0.0999   0.00429   0.00096   0.0038  0.6976  0.9492  -0.4539   0.0000   0.2099
   2.000   0.2218   0.00525   0.00120   0.0017  0.4797  0.9870  -0.8278   0.0000   0.2399
   3.000   0.3626   0.00669   0.00165  -0.0056  0.2152  0.9983  -1.4662   0.0000   0.2627
   4.000   0.4693   0.00804   0.00233  -0.0053  0.0614  1.0000  -2.2105   0.0000   0.2582
   5.000   0.5672   0.00914   0.00330  -0.0027  0.0275  1.0000  -3.0800   0.0000   0.2509
   6.000   0.6660   0.01045   0.00464  -0.0002  0.0180  1.0000  -4.0896   0.0000   0.2458
   7.000   0.7648   0.01228   0.00663   0.0020  0.0136  1.0000  -5.2450   0.0000   0.2420
   8.000   0.8610   0.01481   0.00941   0.0042  0.0109  1.0000  -6.5218   0.0000   0.2387
   9.000   0.9571   0.01728   0.01220   0.0062  0.0092  1.0000  -7.9154   0.0000   0.2360
  10.000   1.0363   0.02269   0.01830   0.0098  0.0081  1.0000  -9.0728   0.0000   0.2320
  11.000   1.0981   0.02969   0.02618   0.0140  0.0073  1.0000  -10.2570   0.0000   0.2275
  12.000   1.1370   0.03678   0.03390   0.0183  0.0067  1.0000  -11.4339   0.0000   0.2228


