flow5 v7.57

 Calculated polar for: NACA 4412

 1 1 Reynolds number fixed          Mach number fixed         

 xtrf =   1.000 (top)        1.000 (bottom)
 Mach =   0.000     Re =     0.500 e 6     Ncrit =   9.000

  alpha     CL        CD       CDp       Cm    Top Xtr Bot Xtr   Cpmin    Chinge    XCp    
 ------- -------- --------- --------- -------- ------- ------- -------- --------- ---------
  -6.000  -0.1754   0.01195   0.00576  -0.1082  0.9283  0.0520  -2.8346   0.0000  -0.3866
  -5.000  -0.0664   0.01071   0.00441  -0.1071  0.9025  0.0680  -2.2279   0.0000  -1.4048
  -4.000   0.0432   0.00970   0.00339  -0.1062  0.8717  0.0960  -1.6921   0.0000   2.7564
  -3.000   0.1533   0.00897   0.00270  -0.1055  0.8348  0.1464  -1.2287   0.0000   0.9472
  -2.000   0.2633   0.00845   0.00230  -0.1048  0.7917  0.2278  -0.8448   0.0000   0.6508
  -1.000   0.3724   0.00805   0.00210  -0.1040  0.7421  0.3543  -0.6798   0.0000   0.5295
   1.000   0.5980   0.00706   0.00230  -0.1034  0.6340  0.9998  -0.8583   0.0000   0.4203
   2.000   0.7013   0.00761   0.00253  -0.1015  0.5853  0.9998  -0.9573   0.0000   0.3911
   3.000   0.8063   0.00821   0.00291  -0.1001  0.5441  0.9998  -1.0756   0.0000   0.3693
   4.000   0.9111   0.00887   0.00341  -0.0987  0.5072  0.9998  -1.2496   0.0000   0.3525
   5.000   1.0144   0.00956   0.00402  -0.0972  0.4664  0.9998  -1.5738   0.0000   0.3387
   6.000   1.1149   0.01034   0.00473  -0.0952  0.4173  0.9998  -2.0055   0.0000   0.3270
   7.000   1.2092   0.01144   0.00567  -0.0923  0.3485  0.9998  -2.5158   0.0000   0.3167
   9.000   1.3415   0.01674   0.00985  -0.0782  0.1228  0.9998  -3.5862   0.0000   0.2958
  10.000   1.3869   0.02023   0.01305  -0.0688  0.0669  0.9998  -4.1345   0.0000   0.2856
  11.000   1.4292   0.02419   0.01706  -0.0605  0.0464  0.9998  -4.6873   0.0000   0.2766
  12.000   1.4601   0.02952   0.02258  -0.0530  0.0369  0.9998  -5.2460   0.0000   0.2688
  13.000   1.4822   0.03643   0.02976  -0.0472  0.0309  0.9998  -5.7817   0.0000   0.2624
  14.000   1.4880   0.04595   0.03960  -0.0432  0.0273  0.9998  -6.2334   0.0000   0.2575


