flow5 v7.57

 Calculated polar for: NACA 2418

 1 1 Reynolds number fixed          Mach number fixed         

 xtrf =   1.000 (top)        1.000 (bottom)
 Mach =   0.000     Re =     2.000 e 6     Ncrit =   9.000

  alpha     CL        CD       CDp       Cm    Top Xtr Bot Xtr   Cpmin    Chinge    XCp    
 ------- -------- --------- --------- -------- ------- ------- -------- --------- ---------
  -6.000  -0.4221   0.00806   0.00273  -0.0521  0.7791  0.1332  -1.9318   0.0000   0.1108
  -5.000  -0.3117   0.00765   0.00231  -0.0516  0.7326  0.1635  -1.5999   0.0000   0.0678
  -4.000  -0.2009   0.00731   0.00198  -0.0511  0.6834  0.2016  -1.3074   0.0000  -0.0238
  -3.000  -0.0895   0.00708   0.00174  -0.0507  0.6334  0.2453  -1.0551   0.0000  -0.3472
  -2.000   0.0222   0.00691   0.00160  -0.0503  0.5849  0.2955  -0.8408   0.0000   2.5871
  -1.000   0.1344   0.00681   0.00153  -0.0501  0.5397  0.3528  -0.6833   0.0000   0.6264
   0.000   0.2462   0.00670   0.00153  -0.0498  0.4995  0.4266  -0.7829   0.0000   0.4497
   1.000   0.3574   0.00661   0.00161  -0.0494  0.4639  0.5225  -0.8952   0.0000   0.3832
   2.000   0.4687   0.00664   0.00178  -0.0491  0.4299  0.6109  -1.0246   0.0000   0.3479
   3.000   0.5793   0.00675   0.00201  -0.0486  0.3941  0.6969  -1.1768   0.0000   0.3258
   4.000   0.6871   0.00700   0.00236  -0.0476  0.3523  0.7852  -1.3576   0.0000   0.3101
   5.000   0.7916   0.00741   0.00283  -0.0460  0.3080  0.8706  -1.5743   0.0000   0.2977
   7.000   0.9888   0.00896   0.00420  -0.0405  0.2174  0.9857  -2.1224   0.0000   0.2781
   8.000   1.1155   0.01021   0.00518  -0.0447  0.1720  0.9965  -2.5080   0.0000   0.2760
   9.000   1.2070   0.01139   0.00617  -0.0417  0.1371  0.9999  -2.8790   0.0000   0.2691
  10.000   1.2647   0.01258   0.00725  -0.0320  0.1126  0.9999  -3.2219   0.0000   0.2582
  11.000   1.3358   0.01425   0.00880  -0.0260  0.0915  0.9999  -3.6211   0.0000   0.2508
  12.000   1.4047   0.01626   0.01076  -0.0206  0.0758  0.9999  -4.0409   0.0000   0.2443
  13.000   1.4673   0.01882   0.01331  -0.0154  0.0640  0.9999  -4.4782   0.0000   0.2383
  14.000   1.5238   0.02206   0.01658  -0.0106  0.0554  0.9999  -4.9168   0.0000   0.2328


