flow5 v7.57

 Calculated polar for: NACA 2414

 1 1 Reynolds number fixed          Mach number fixed         

 xtrf =   1.000 (top)        1.000 (bottom)
 Mach =   0.000     Re =     1.000 e 6     Ncrit =   9.000

  alpha     CL        CD       CDp       Cm    Top Xtr Bot Xtr   Cpmin    Chinge    XCp    
 ------- -------- --------- --------- -------- ------- ------- -------- --------- ---------
  -6.000  -0.4116   0.00912   0.00349  -0.0562  0.9167  0.0891  -2.2869   0.0000   0.1028
  -5.000  -0.3035   0.00836   0.00279  -0.0551  0.8823  0.1247  -1.8168   0.0000   0.0571
  -4.000  -0.1943   0.00773   0.00223  -0.0543  0.8409  0.1776  -1.4088   0.0000  -0.0423
  -3.000  -0.0845   0.00724   0.00184  -0.0535  0.7917  0.2472  -1.0657   0.0000  -0.4039
  -2.000   0.0253   0.00688   0.00158  -0.0528  0.7356  0.3339  -0.7841   0.0000   2.3813
  -1.000   0.1341   0.00654   0.00143  -0.0520  0.6752  0.4577  -0.5616   0.0000   0.6402
   0.000   0.2420   0.00627   0.00145  -0.0510  0.6142  0.6145  -0.6354   0.0000   0.4590
   1.000   0.3495   0.00618   0.00159  -0.0497  0.5572  0.7538  -0.7405   0.0000   0.3888
   2.000   0.4548   0.00625   0.00186  -0.0477  0.5059  0.8792  -0.8678   0.0000   0.3502
   3.000   0.5611   0.00663   0.00223  -0.0457  0.4573  0.9608  -1.0374   0.0000   0.3258
   4.000   0.6950   0.00729   0.00267  -0.0503  0.4008  0.9893  -1.3098   0.0000   0.3159
   5.000   0.8451   0.00819   0.00323  -0.0591  0.3225  0.9999  -1.7033   0.0000   0.3124
   6.000   0.9275   0.00916   0.00386  -0.0534  0.2486  0.9999  -2.0631   0.0000   0.2991
   7.000   1.0095   0.01046   0.00478  -0.0479  0.1751  0.9999  -2.4793   0.0000   0.2877
   8.000   1.0950   0.01195   0.00596  -0.0434  0.1168  0.9999  -2.9585   0.0000   0.2787
   9.000   1.1806   0.01355   0.00735  -0.0392  0.0790  0.9999  -3.4886   0.0000   0.2710
  10.000   1.2618   0.01526   0.00897  -0.0346  0.0573  0.9999  -4.0733   0.0000   0.2637
  11.000   1.3304   0.01713   0.01086  -0.0280  0.0452  0.9999  -4.6501   0.0000   0.2558
  12.000   1.3935   0.01946   0.01326  -0.0216  0.0373  0.9999  -5.2705   0.0000   0.2487
  13.000   1.4474   0.02260   0.01652  -0.0154  0.0320  0.9999  -5.8774   0.0000   0.2420
  14.000   1.4922   0.02679   0.02090  -0.0100  0.0281  0.9999  -6.4656   0.0000   0.2362


