flow5 v7.57

 Calculated polar for: NACA 4421

 1 1 Reynolds number fixed          Mach number fixed         

 xtrf =   1.000 (top)        1.000 (bottom)
 Mach =   0.000     Re =     2.000 e 6     Ncrit =   9.000

  alpha     CL        CD       CDp       Cm    Top Xtr Bot Xtr   Cpmin    Chinge    XCp    
 ------- -------- --------- --------- -------- ------- ------- -------- --------- ---------
  -6.000  -0.1845   0.00830   0.00274  -0.0975  0.6818  0.1383  -1.8337   0.0000  -0.3217
  -5.000  -0.0743   0.00805   0.00245  -0.0967  0.6432  0.1601  -1.5454   0.0000  -1.1377
  -4.000   0.0359   0.00788   0.00224  -0.0960  0.6046  0.1855  -1.2864   0.0000   3.0619
  -3.000   0.1462   0.00777   0.00212  -0.0953  0.5681  0.2150  -1.0557   0.0000   0.9248
  -2.000   0.2560   0.00774   0.00207  -0.0945  0.5345  0.2484  -0.8900   0.0000   0.6263
  -1.000   0.3662   0.00774   0.00209  -0.0939  0.5059  0.2861  -0.9814   0.0000   0.5068
   0.000   0.4754   0.00778   0.00217  -0.0931  0.4811  0.3303  -1.0790   0.0000   0.4425
   1.000   0.5846   0.00779   0.00230  -0.0924  0.4605  0.3870  -1.1846   0.0000   0.4021
   2.000   0.6901   0.00776   0.00252  -0.0911  0.4405  0.4966  -1.2974   0.0000   0.3741
   4.000   0.8921   0.00797   0.00320  -0.0868  0.4004  0.7123  -1.5524   0.0000   0.3359
   5.000   0.9915   0.00827   0.00377  -0.0845  0.3755  0.8369  -1.7024   0.0000   0.3222
   6.000   1.0777   0.00880   0.00452  -0.0794  0.3486  0.9712  -1.8611   0.0000   0.3090
   7.000   1.1831   0.00972   0.00531  -0.0792  0.3185  0.9997  -2.0631   0.0000   0.3007
   8.000   1.2664   0.01087   0.00631  -0.0749  0.2877  0.9997  -2.2717   0.0000   0.2912
   9.000   1.3452   0.01237   0.00766  -0.0705  0.2563  0.9997  -2.5052   0.0000   0.2826
  10.000   1.4183   0.01425   0.00942  -0.0657  0.2255  0.9997  -2.7588   0.0000   0.2747
  11.000   1.4836   0.01667   0.01172  -0.0604  0.1965  0.9997  -3.0284   0.0000   0.2671
  12.000   1.5398   0.01979   0.01474  -0.0549  0.1696  0.9997  -3.3056   0.0000   0.2600
  13.000   1.5874   0.02381   0.01869  -0.0495  0.1460  0.9997  -3.5865   0.0000   0.2533
  14.000   1.6268   0.02882   0.02368  -0.0445  0.1260  0.9997  -3.8663   0.0000   0.2472


