flow5 v7.57

 Calculated polar for: NACA 2421

 1 1 Reynolds number fixed          Mach number fixed         

 xtrf =   1.000 (top)        1.000 (bottom)
 Mach =   0.000     Re =     0.500 e 6     Ncrit =   9.000

  alpha     CL        CD       CDp       Cm    Top Xtr Bot Xtr   Cpmin    Chinge    XCp    
 ------- -------- --------- --------- -------- ------- ------- -------- --------- ---------
  -6.000  -0.3854   0.01159   0.00520  -0.0586  0.8326  0.2387  -1.7658   0.0000   0.0760
  -5.000  -0.2831   0.01097   0.00456  -0.0564  0.7920  0.2749  -1.5113   0.0000   0.0268
  -4.000  -0.1794   0.01053   0.00407  -0.0544  0.7484  0.3157  -1.2834   0.0000  -0.0822
  -3.000  -0.0762   0.01017   0.00371  -0.0523  0.7028  0.3612  -1.0818   0.0000  -0.4851
  -2.000   0.0269   0.00991   0.00347  -0.0502  0.6576  0.4150  -0.9050   0.0000   2.1986
  -1.000   0.1288   0.00972   0.00336  -0.0478  0.6146  0.4835  -0.7849   0.0000   0.6274
   0.000   0.2308   0.00965   0.00341  -0.0455  0.5750  0.5609  -0.8827   0.0000   0.4439
   1.000   0.3334   0.00969   0.00357  -0.0432  0.5389  0.6368  -0.9912   0.0000   0.3728
   2.000   0.4351   0.00984   0.00384  -0.0407  0.5063  0.7111  -1.1120   0.0000   0.3346
   3.000   0.5357   0.01005   0.00424  -0.0380  0.4746  0.7864  -1.2473   0.0000   0.3103
   4.000   0.6326   0.01043   0.00477  -0.0344  0.4437  0.8608  -1.3983   0.0000   0.2923
   5.000   0.7243   0.01106   0.00546  -0.0297  0.4125  0.9272  -1.5657   0.0000   0.2775
   6.000   0.8334   0.01204   0.00638  -0.0291  0.3775  0.9727  -1.7763   0.0000   0.2701
   7.000   0.9852   0.01345   0.00761  -0.0384  0.3369  0.9915  -2.0681   0.0000   0.2732
   8.000   1.0722   0.01450   0.00854  -0.0356  0.3013  0.9999  -2.3177   0.0000   0.2660
   9.000   1.0970   0.01570   0.00963  -0.0207  0.2729  0.9999  -2.5025   0.0000   0.2498
  10.000   1.1544   0.01763   0.01149  -0.0133  0.2417  0.9999  -2.7507   0.0000   0.2407
  11.000   1.2107   0.02036   0.01415  -0.0072  0.2126  0.9999  -3.0160   0.0000   0.2334
  12.000   1.2613   0.02394   0.01769  -0.0020  0.1859  0.9999  -3.2887   0.0000   0.2271
  13.000   1.3014   0.02874   0.02249   0.0027  0.1630  0.9999  -3.5536   0.0000   0.2213
  14.000   1.3332   0.03488   0.02868   0.0062  0.1435  0.9999  -3.8086   0.0000   0.2165


