flow5 v7.57

 Calculated polar for: NACA 0018

 1 1 Reynolds number fixed          Mach number fixed         

 xtrf =   1.000 (top)        1.000 (bottom)
 Mach =   0.000     Re =     0.500 e 6     Ncrit =   9.000

  alpha     CL        CD       CDp       Cm    Top Xtr Bot Xtr   Cpmin    Chinge    XCp    
 ------- -------- --------- --------- -------- ------- ------- -------- --------- ---------
  -6.000  -0.6244   0.01129   0.00537  -0.0132  0.9536  0.2779  -1.8179   0.0000   0.2162
  -5.000  -0.5198   0.01024   0.00450  -0.0113  0.9187  0.3315  -1.5290   0.0000   0.2164
  -4.000  -0.4185   0.00950   0.00383  -0.0084  0.8718  0.3869  -1.2845   0.0000   0.2185
  -3.000  -0.3151   0.00897   0.00333  -0.0061  0.8164  0.4439  -1.0742   0.0000   0.2199
  -2.000  -0.2104   0.00864   0.00298  -0.0039  0.7550  0.5030  -0.8973   0.0000   0.2207
  -1.000  -0.1053   0.00846   0.00278  -0.0019  0.6905  0.5636  -0.7493   0.0000   0.2211
   0.000   0.0000   0.00841   0.00271  -0.0000  0.6263  0.6263  -0.6241   0.0000   0.4469
   1.000   0.1053   0.00846   0.00278   0.0019  0.5636  0.6905  -0.7493   0.0000   0.2211
   2.000   0.2104   0.00864   0.00298   0.0039  0.5030  0.7550  -0.8973   0.0000   0.2207
   3.000   0.3151   0.00897   0.00333   0.0061  0.4439  0.8164  -1.0742   0.0000   0.2199
   4.000   0.4186   0.00950   0.00383   0.0084  0.3868  0.8718  -1.2845   0.0000   0.2185
   5.000   0.5198   0.01024   0.00449   0.0113  0.3315  0.9187  -1.5290   0.0000   0.2164
   6.000   0.6244   0.01129   0.00537   0.0132  0.2779  0.9536  -1.8179   0.0000   0.2163
   7.000   0.7546   0.01263   0.00649   0.0090  0.2238  0.9734  -2.1871   0.0000   0.2248
   8.000   0.8968   0.01418   0.00782   0.0016  0.1749  0.9859  -2.6301   0.0000   0.2343
   9.000   1.0378   0.01590   0.00934  -0.0061  0.1359  0.9965  -3.1246   0.0000   0.2410
  10.000   1.1015   0.01739   0.01075   0.0012  0.1137  1.0000  -3.4940   0.0000   0.2327
  11.000   1.1054   0.01867   0.01207   0.0201  0.1005  1.0000  -3.7558   0.0000   0.2139
  12.000   1.1445   0.02120   0.01463   0.0299  0.0880  1.0000  -4.1020   0.0000   0.2044
  13.000   1.1911   0.02472   0.01825   0.0358  0.0774  1.0000  -4.4875   0.0000   0.1987
  14.000   1.2281   0.02984   0.02351   0.0398  0.0694  1.0000  -4.8526   0.0000   0.1943


