flow5 v7.57

 Calculated polar for: NACA 0012

 1 1 Reynolds number fixed          Mach number fixed         

 xtrf =   1.000 (top)        1.000 (bottom)
 Mach =   0.000     Re =     1.000 e 6     Ncrit =   9.000

  alpha     CL        CD       CDp       Cm    Top Xtr Bot Xtr   Cpmin    Chinge    XCp    
 ------- -------- --------- --------- -------- ------- ------- -------- --------- ---------
  -6.000  -0.6933   0.00978   0.00398   0.0040  0.9944  0.0816  -2.5653   0.0000   0.2489
  -5.000  -0.5548   0.00850   0.00306  -0.0024  0.9864  0.1492  -1.9237   0.0000   0.2394
  -4.000  -0.4272   0.00730   0.00232  -0.0061  0.9687  0.2537  -1.4153   0.0000   0.2299
  -3.000  -0.3198   0.00641   0.00181  -0.0048  0.9290  0.3644  -1.0435   0.0000   0.2296
  -2.000  -0.2144   0.00582   0.00144  -0.0029  0.8679  0.4749  -0.7602   0.0000   0.2313
  -1.000  -0.1074   0.00550   0.00122  -0.0014  0.7851  0.5832  -0.5559   0.0000   0.2322
   0.000  -0.0000   0.00541   0.00115   0.0000  0.6876  0.6876  -0.4138   0.0000   0.4752
   1.000   0.1074   0.00550   0.00122   0.0014  0.5832  0.7851  -0.5559   0.0000   0.2322
   2.000   0.2144   0.00582   0.00144   0.0029  0.4749  0.8679  -0.7602   0.0000   0.2313
   3.000   0.3198   0.00641   0.00181   0.0048  0.3644  0.9290  -1.0435   0.0000   0.2296
   4.000   0.4272   0.00730   0.00232   0.0061  0.2537  0.9687  -1.4153   0.0000   0.2299
   5.000   0.5548   0.00850   0.00306   0.0024  0.1492  0.9864  -1.9237   0.0000   0.2394
   6.000   0.6933   0.00978   0.00397  -0.0040  0.0816  0.9944  -2.5653   0.0000   0.2489
   7.000   0.8267   0.01100   0.00502  -0.0094  0.0505  1.0000  -3.3029   0.0000   0.2536
   8.000   0.9100   0.01215   0.00615  -0.0040  0.0381  1.0000  -3.9582   0.0000   0.2457
   9.000   0.9946   0.01343   0.00747   0.0009  0.0305  1.0000  -4.7021   0.0000   0.2392
  10.000   1.0793   0.01510   0.00921   0.0055  0.0254  1.0000  -5.5028   0.0000   0.2338
  11.000   1.1660   0.01691   0.01115   0.0091  0.0218  1.0000  -6.3612   0.0000   0.2297
  12.000   1.2459   0.01923   0.01368   0.0133  0.0193  1.0000  -7.2836   0.0000   0.2254
  13.000   1.3044   0.02255   0.01722   0.0198  0.0172  1.0000  -8.1294   0.0000   0.2194
  14.000   1.3547   0.02569   0.02065   0.0264  0.0159  1.0000  -8.9783   0.0000   0.2134


