flow5 v7.57

 Calculated polar for: NACA 0012

 1 1 Reynolds number fixed          Mach number fixed         

 xtrf =   1.000 (top)        1.000 (bottom)
 Mach =   0.000     Re =     0.500 e 6     Ncrit =   9.000

  alpha     CL        CD       CDp       Cm    Top Xtr Bot Xtr   Cpmin    Chinge    XCp    
 ------- -------- --------- --------- -------- ------- ------- -------- --------- ---------
  -6.000  -0.7221   0.01171   0.00510   0.0101  1.0000  0.1008  -2.6258   0.0000   0.2572
  -5.000  -0.6269   0.01040   0.00416   0.0124  0.9985  0.1779  -2.0853   0.0000   0.2638
  -4.000  -0.4782   0.00901   0.00339   0.0036  0.9865  0.3162  -1.5109   0.0000   0.2519
  -3.000  -0.3300   0.00785   0.00279  -0.0046  0.9710  0.4579  -1.0582   0.0000   0.2309
  -2.000  -0.2083   0.00696   0.00233  -0.0060  0.9359  0.5811  -0.7535   0.0000   0.2162
  -1.000  -0.1035   0.00638   0.00203  -0.0032  0.8760  0.6919  -0.5530   0.0000   0.2144
   0.000   0.0000   0.00617   0.00193  -0.0000  0.7927  0.7927  -0.4138   0.0000   0.4535
   1.000   0.1035   0.00638   0.00203   0.0032  0.6919  0.8760  -0.5530   0.0000   0.2144
   2.000   0.2083   0.00696   0.00233   0.0060  0.5811  0.9359  -0.7535   0.0000   0.2162
   3.000   0.3300   0.00785   0.00279   0.0046  0.4579  0.9711  -1.0582   0.0000   0.2309
   4.000   0.4782   0.00901   0.00339  -0.0036  0.3162  0.9865  -1.5109   0.0000   0.2519
   5.000   0.6269   0.01040   0.00416  -0.0124  0.1779  0.9985  -2.0854   0.0000   0.2638
   6.000   0.7220   0.01171   0.00510  -0.0101  0.1008  1.0000  -2.6256   0.0000   0.2572
   7.000   0.8039   0.01316   0.00639  -0.0048  0.0664  1.0000  -3.1928   0.0000   0.2482
   8.000   0.8837   0.01492   0.00811   0.0009  0.0494  1.0000  -3.8095   0.0000   0.2403
   9.000   0.9645   0.01683   0.01011   0.0061  0.0397  1.0000  -4.4958   0.0000   0.2338
  10.000   1.0419   0.01940   0.01281   0.0112  0.0332  1.0000  -5.2183   0.0000   0.2282
  11.000   1.1130   0.02253   0.01614   0.0165  0.0289  1.0000  -5.9366   0.0000   0.2228
  12.000   1.1751   0.02568   0.01955   0.0224  0.0255  1.0000  -6.7186   0.0000   0.2171
  13.000   1.2086   0.03066   0.02497   0.0301  0.0234  1.0000  -7.3369   0.0000   0.2097
  14.000   1.2323   0.03721   0.03188   0.0341  0.0218  1.0000  -7.9211   0.0000   0.2051


