flow5 v7.57

 Calculated polar for: NACA 0024

 1 1 Reynolds number fixed          Mach number fixed         

 xtrf =   1.000 (top)        1.000 (bottom)
 Mach =   0.000     Re =     0.500 e 6     Ncrit =   9.000

  alpha     CL        CD       CDp       Cm    Top Xtr Bot Xtr   Cpmin    Chinge    XCp    
 ------- -------- --------- --------- -------- ------- ------- -------- --------- ---------
  -6.000  -0.5675   0.01214   0.00598  -0.0217  0.8277  0.3282  -1.7409   0.0000   0.1903
  -5.000  -0.4829   0.01158   0.00532  -0.0164  0.7767  0.3589  -1.5596   0.0000   0.1957
  -4.000  -0.3901   0.01115   0.00480  -0.0125  0.7258  0.3916  -1.3887   0.0000   0.1982
  -3.000  -0.2944   0.01086   0.00442  -0.0091  0.6764  0.4264  -1.2319   0.0000   0.1999
  -2.000  -0.1974   0.01064   0.00416  -0.0059  0.6290  0.4627  -1.0894   0.0000   0.2013
  -1.000  -0.0991   0.01053   0.00401  -0.0029  0.5843  0.5009  -0.9600   0.0000   0.2024
   0.000   0.0000   0.01049   0.00396  -0.0000  0.5414  0.5414  -0.8425   0.0000   0.4509
   1.000   0.0991   0.01053   0.00401   0.0029  0.5009  0.5843  -0.9600   0.0000   0.2024
   2.000   0.1974   0.01064   0.00416   0.0059  0.4627  0.6289  -1.0894   0.0000   0.2013
   3.000   0.2944   0.01086   0.00442   0.0091  0.4264  0.6764  -1.2319   0.0000   0.1999
   4.000   0.3901   0.01115   0.00480   0.0125  0.3916  0.7258  -1.3887   0.0000   0.1983
   5.000   0.4830   0.01158   0.00532   0.0163  0.3589  0.7767  -1.5597   0.0000   0.1957
   6.000   0.5677   0.01214   0.00598   0.0217  0.3282  0.8277  -1.7411   0.0000   0.1904
   7.000   0.6495   0.01300   0.00692   0.0273  0.2994  0.8782  -1.9356   0.0000   0.1856
   8.000   0.7279   0.01417   0.00815   0.0333  0.2722  0.9251  -2.1452   0.0000   0.1807
   9.000   0.8099   0.01581   0.00979   0.0378  0.2464  0.9639  -2.3762   0.0000   0.1787
  10.000   0.9291   0.01814   0.01201   0.0331  0.2198  0.9831  -2.6755   0.0000   0.1891
  11.000   1.0561   0.02077   0.01461   0.0256  0.1949  0.9944  -3.0116   0.0000   0.1997
  12.000   1.1133   0.02365   0.01747   0.0293  0.1768  1.0000  -3.2595   0.0000   0.1959
  13.000   1.1193   0.02684   0.02070   0.0413  0.1633  1.0000  -3.4288   0.0000   0.1829
  14.000   1.1440   0.03177   0.02564   0.0470  0.1498  1.0000  -3.6353   0.0000   0.1763


