flow5 v7.57

 Calculated polar for: NACA 0010

 1 1 Reynolds number fixed          Mach number fixed         

 xtrf =   1.000 (top)        1.000 (bottom)
 Mach =   0.000     Re =     1.000 e 6     Ncrit =   9.000

  alpha     CL        CD       CDp       Cm    Top Xtr Bot Xtr   Cpmin    Chinge    XCp    
 ------- -------- --------- --------- -------- ------- ------- -------- --------- ---------
  -6.000  -0.6955   0.01003   0.00410   0.0058  1.0000  0.0386  -3.1703   0.0000   0.2527
  -5.000  -0.5977   0.00895   0.00317   0.0082  0.9992  0.0676  -2.4384   0.0000   0.2589
  -4.000  -0.4580   0.00764   0.00234   0.0014  0.9917  0.1662  -1.7021   0.0000   0.2488
  -3.000  -0.3221   0.00633   0.00171  -0.0045  0.9783  0.3315  -1.1318   0.0000   0.2323
  -2.000  -0.2088   0.00541   0.00132  -0.0045  0.9393  0.4885  -0.7485   0.0000   0.2246
  -1.000  -0.1048   0.00486   0.00107  -0.0022  0.8669  0.6318  -0.4990   0.0000   0.2256
   0.000  -0.0000   0.00469   0.00098   0.0000  0.7612  0.7612  -0.3452   0.0000   0.4868
   1.000   0.1048   0.00486   0.00107   0.0022  0.6318  0.8670  -0.4990   0.0000   0.2256
   2.000   0.2088   0.00541   0.00132   0.0045  0.4885  0.9393  -0.7485   0.0000   0.2246
   3.000   0.3221   0.00633   0.00171   0.0045  0.3315  0.9783  -1.1318   0.0000   0.2323
   4.000   0.4580   0.00764   0.00234  -0.0014  0.1662  0.9917  -1.7021   0.0000   0.2488
   5.000   0.5977   0.00895   0.00317  -0.0082  0.0676  0.9993  -2.4384   0.0000   0.2589
   6.000   0.6955   0.01003   0.00410  -0.0058  0.0386  1.0000  -3.1702   0.0000   0.2527
   7.000   0.7879   0.01118   0.00527  -0.0021  0.0274  1.0000  -3.9745   0.0000   0.2461
   8.000   0.8798   0.01275   0.00689   0.0015  0.0209  1.0000  -4.8885   0.0000   0.2409
   9.000   0.9728   0.01462   0.00891   0.0044  0.0172  1.0000  -5.8973   0.0000   0.2369
  10.000   1.0668   0.01647   0.01093   0.0069  0.0147  1.0000  -6.9958   0.0000   0.2337
  11.000   1.1511   0.01935   0.01412   0.0103  0.0129  1.0000  -8.1229   0.0000   0.2299
  12.000   1.2278   0.02255   0.01760   0.0141  0.0115  1.0000  -9.3279   0.0000   0.2259
  13.000   1.2806   0.02721   0.02273   0.0200  0.0106  1.0000  -10.3641   0.0000   0.2203
  14.000   1.3006   0.03301   0.02900   0.0272  0.0099  1.0000  -11.1839   0.0000   0.2133


