flow5 v7.57

 Calculated polar for: NACA 6409

 1 1 Reynolds number fixed          Mach number fixed         

 xtrf =   1.000 (top)        1.000 (bottom)
 Mach =   0.000     Re =     0.500 e 6     Ncrit =   9.000

  alpha     CL        CD       CDp       Cm    Top Xtr Bot Xtr   Cpmin    Chinge    XCp    
 ------- -------- --------- --------- -------- ------- ------- -------- --------- ---------
  -6.000   0.0407   0.01737   0.01281  -0.1548  0.9176  0.0227  -4.0630   0.0000   4.1310
  -4.000   0.2614   0.01094   0.00496  -0.1554  0.8656  0.0348  -2.5104   0.0000   0.8524
  -3.000   0.3729   0.00953   0.00334  -0.1552  0.8340  0.0484  -1.7929   0.0000   0.6702
  -2.000   0.4839   0.00876   0.00245  -0.1548  0.7959  0.0782  -1.1792   0.0000   0.5717
  -1.000   0.5940   0.00839   0.00207  -0.1544  0.7523  0.1438  -0.8023   0.0000   0.5101
   0.000   0.7027   0.00827   0.00203  -0.1538  0.7029  0.2607  -0.8824   0.0000   0.4678
   1.000   0.8039   0.00714   0.00227  -0.1518  0.6511  0.9998  -0.9630   0.0000   0.4366
   2.000   0.9102   0.00777   0.00254  -0.1507  0.6022  0.9998  -1.0523   0.0000   0.4123
   3.000   1.0162   0.00847   0.00300  -0.1498  0.5633  0.9998  -1.1488   0.0000   0.3929
   4.000   1.1217   0.00920   0.00363  -0.1489  0.5329  0.9998  -1.2563   0.0000   0.3771
   5.000   1.2262   0.00996   0.00441  -0.1479  0.5061  0.9998  -1.6610   0.0000   0.3636
   6.000   1.3224   0.01079   0.00520  -0.1453  0.4497  0.9998  -2.3059   0.0000   0.3515
   7.000   1.4146   0.01190   0.00626  -0.1421  0.3810  0.9998  -3.0823   0.0000   0.3407
   8.000   1.4496   0.01667   0.00959  -0.1300  0.1296  0.9998  -3.7041   0.0000   0.3285
   9.000   1.4724   0.02156   0.01394  -0.1165  0.0345  0.9998  -4.3240   0.0000   0.3164
  10.000   1.5037   0.02634   0.01890  -0.1062  0.0234  0.9998  -5.0208   0.0000   0.3063
  11.000   1.5244   0.03265   0.02554  -0.0971  0.0186  0.9998  -5.6704   0.0000   0.2976
  12.000   1.5277   0.04155   0.03478  -0.0893  0.0159  0.9998  -6.2355   0.0000   0.2905
  13.000   1.5364   0.05104   0.04462  -0.0843  0.0137  0.9998  -6.9241   0.0000   0.2849
  14.000   1.0211   0.05335   0.04886  -0.0367  0.0188  0.9998  -4.6537   0.0000   0.2663


