flow5 v7.57

 Calculated polar for: NACA 0012

 1 1 Reynolds number fixed          Mach number fixed         

 xtrf =   1.000 (top)        1.000 (bottom)
 Mach =   0.000     Re =     2.000 e 6     Ncrit =   9.000

  alpha     CL        CD       CDp       Cm    Top Xtr Bot Xtr   Cpmin    Chinge    XCp    
 ------- -------- --------- --------- -------- ------- ------- -------- --------- ---------
  -6.000  -0.6526   0.00817   0.00307  -0.0048  0.9864  0.0672  -2.4633   0.0000   0.2357
  -5.000  -0.5412   0.00727   0.00239  -0.0047  0.9616  0.1106  -1.8960   0.0000   0.2351
  -4.000  -0.4367   0.00648   0.00181  -0.0029  0.9173  0.1803  -1.4334   0.0000   0.2377
  -3.000  -0.3298   0.00585   0.00135  -0.0017  0.8529  0.2737  -1.0581   0.0000   0.2398
  -2.000  -0.2209   0.00545   0.00105  -0.0009  0.7698  0.3748  -0.7673   0.0000   0.2412
  -1.000  -0.1108   0.00523   0.00089  -0.0004  0.6754  0.4769  -0.5582   0.0000   0.2422
   0.000   0.0000   0.00516   0.00083  -0.0000  0.5770  0.5770  -0.4135   0.0000   0.4550
   1.000   0.1108   0.00523   0.00089   0.0004  0.4769  0.6754  -0.5582   0.0000   0.2422
   2.000   0.2209   0.00545   0.00105   0.0009  0.3748  0.7698  -0.7673   0.0000   0.2413
   3.000   0.3298   0.00585   0.00135   0.0017  0.2737  0.8529  -1.0581   0.0000   0.2398
   4.000   0.4367   0.00648   0.00181   0.0029  0.1803  0.9174  -1.4334   0.0000   0.2377
   5.000   0.5412   0.00727   0.00239   0.0047  0.1106  0.9616  -1.8960   0.0000   0.2351
   6.000   0.6526   0.00817   0.00307   0.0048  0.0672  0.9864  -2.4634   0.0000   0.2357
   7.000   0.7823   0.00916   0.00391   0.0005  0.0433  0.9941  -3.1790   0.0000   0.2416
   8.000   0.9136   0.01020   0.00487  -0.0043  0.0310  0.9985  -4.0055   0.0000   0.2459
   9.000   1.0182   0.01127   0.00593  -0.0034  0.0245  1.0000  -4.8439   0.0000   0.2435
  10.000   1.1048   0.01241   0.00709   0.0012  0.0204  1.0000  -5.6835   0.0000   0.2378
  11.000   1.1941   0.01385   0.00858   0.0049  0.0173  1.0000  -6.5801   0.0000   0.2334
  12.000   1.2863   0.01528   0.01010   0.0077  0.0155  1.0000  -7.6173   0.0000   0.2301
  13.000   1.3712   0.01724   0.01219   0.0111  0.0137  1.0000  -8.6666   0.0000   0.2264
  14.000   1.4503   0.01927   0.01436   0.0151  0.0125  1.0000  -9.7443   0.0000   0.2225


