flow5 v7.57

 Calculated polar for: NACA 2408

 1 1 Reynolds number fixed          Mach number fixed         

 xtrf =   1.000 (top)        1.000 (bottom)
 Mach =   0.000     Re =     0.500 e 6     Ncrit =   9.000

  alpha     CL        CD       CDp       Cm    Top Xtr Bot Xtr   Cpmin    Chinge    XCp    
 ------- -------- --------- --------- -------- ------- ------- -------- --------- ---------
  -6.000  -0.5003   0.01520   0.00927  -0.0381  1.0001  0.0196  -4.5907   0.0000   0.1692
  -5.000  -0.3915   0.01254   0.00629  -0.0385  0.9976  0.0256  -3.5552   0.0000   0.1475
  -4.000  -0.2447   0.01040   0.00404  -0.0465  0.9876  0.0406  -2.5053   0.0000   0.0555
  -2.000   0.0311   0.00719   0.00203  -0.0587  0.9567  0.3595  -0.9379   0.0000   2.1520
  -1.000   0.1295   0.00531   0.00179  -0.0549  0.9174  0.8541  -0.5173   0.0000   0.6753
   0.000   0.2653   0.00514   0.00154  -0.0588  0.8650  0.9999  -0.4376   0.0000   0.4708
   1.000   0.3679   0.00538   0.00141  -0.0561  0.7854  0.9999  -0.5305   0.0000   0.4012
   2.000   0.4710   0.00591   0.00151  -0.0539  0.6865  0.9999  -0.7361   0.0000   0.3623
   3.000   0.5734   0.00673   0.00186  -0.0517  0.5608  0.9999  -1.1718   0.0000   0.3375
   4.000   0.6759   0.00779   0.00246  -0.0500  0.4224  0.9999  -1.7957   0.0000   0.3205
   5.000   0.7688   0.01041   0.00378  -0.0475  0.1327  0.9999  -2.5523   0.0000   0.3075
   6.000   0.8633   0.01305   0.00592  -0.0450  0.0345  0.9999  -3.4278   0.0000   0.2970
   7.000   0.9561   0.01571   0.00870  -0.0421  0.0225  0.9999  -4.3695   0.0000   0.2878
   8.000   1.0442   0.01887   0.01209  -0.0386  0.0170  0.9999  -5.4455   0.0000   0.2797
   9.000   1.1245   0.02382   0.01751  -0.0342  0.0143  0.9999  -6.4477   0.0000   0.2719
  10.000   1.1923   0.03054   0.02499  -0.0289  0.0122  0.9999  -7.3509   0.0000   0.2645
  11.000   1.1986   0.04369   0.03966  -0.0181  0.0116  0.9999  -7.4857   0.0000   0.2543
  12.000   1.1154   0.06170   0.05873  -0.0111  0.0119  0.9999  -7.0171   0.0000   0.2479
  13.000   1.0294   0.09205   0.08970  -0.0304  0.0124  0.9999  -6.3808   0.0000   0.2660


