flow5 v7.57

 Calculated polar for: NACA 0010

 1 1 Reynolds number fixed          Mach number fixed         

 xtrf =   1.000 (top)        1.000 (bottom)
 Mach =   0.000     Re =     0.500 e 6     Ncrit =   9.000

  alpha     CL        CD       CDp       Cm    Top Xtr Bot Xtr   Cpmin    Chinge    XCp    
 ------- -------- --------- --------- -------- ------- ------- -------- --------- ---------
  -6.000  -0.6822   0.01207   0.00530   0.0029  1.0000  0.0516  -3.0729   0.0000   0.2487
  -5.000  -0.5922   0.01050   0.00394   0.0068  1.0000  0.0950  -2.3994   0.0000   0.2567
  -4.000  -0.5013   0.00900   0.00303   0.0102  1.0000  0.2230  -1.8074   0.0000   0.2662
  -3.000  -0.3833   0.00773   0.00254   0.0077  0.9950  0.4156  -1.2535   0.0000   0.2664
  -2.000  -0.2322   0.00664   0.00218  -0.0011  0.9790  0.6107  -0.7818   0.0000   0.2417
  -1.000  -0.1032   0.00582   0.00193  -0.0039  0.9441  0.7627  -0.4982   0.0000   0.2092
   0.000   0.0000   0.00551   0.00185  -0.0000  0.8726  0.8726  -0.3453   0.0000   0.5684
   1.000   0.1032   0.00582   0.00193   0.0039  0.7627  0.9441  -0.4982   0.0000   0.2092
   2.000   0.2321   0.00664   0.00218   0.0011  0.6107  0.9790  -0.7817   0.0000   0.2417
   3.000   0.3833   0.00773   0.00254  -0.0077  0.4156  0.9950  -1.2535   0.0000   0.2664
   4.000   0.5013   0.00900   0.00303  -0.0102  0.2230  1.0000  -1.8073   0.0000   0.2662
   5.000   0.5921   0.01050   0.00393  -0.0068  0.0950  1.0000  -2.3993   0.0000   0.2567
   6.000   0.6822   0.01207   0.00530  -0.0029  0.0516  1.0000  -3.0728   0.0000   0.2487
   7.000   0.7718   0.01388   0.00714   0.0011  0.0361  1.0000  -3.8209   0.0000   0.2421
   8.000   0.8597   0.01630   0.00967   0.0050  0.0283  1.0000  -4.6496   0.0000   0.2368
   9.000   0.9469   0.01916   0.01277   0.0085  0.0233  1.0000  -5.5432   0.0000   0.2325
  10.000   1.0281   0.02302   0.01697   0.0123  0.0201  1.0000  -6.4218   0.0000   0.2283
  11.000   1.1009   0.02737   0.02169   0.0164  0.0176  1.0000  -7.4075   0.0000   0.2241
  12.000   1.1369   0.03510   0.03039   0.0234  0.0162  1.0000  -8.0338   0.0000   0.2172
  13.000   1.1100   0.04611   0.04229   0.0297  0.0156  1.0000  -8.2169   0.0000   0.2094
  14.000   1.0085   0.07723   0.07442   0.0095  0.0158  1.0000  -7.4129   0.0000   0.2248


