flow5 v7.57

 Calculated polar for: NACA 4418

 1 1 Reynolds number fixed          Mach number fixed         

 xtrf =   1.000 (top)        1.000 (bottom)
 Mach =   0.000     Re =     2.000 e 6     Ncrit =   9.000

  alpha     CL        CD       CDp       Cm    Top Xtr Bot Xtr   Cpmin    Chinge    XCp    
 ------- -------- --------- --------- -------- ------- ------- -------- --------- ---------
  -6.000  -0.1857   0.00799   0.00255  -0.1001  0.7297  0.1002  -2.0046   0.0000  -0.3222
  -5.000  -0.0739   0.00768   0.00219  -0.0997  0.6894  0.1216  -1.6459   0.0000  -1.1662
  -4.000   0.0384   0.00746   0.00193  -0.0994  0.6472  0.1486  -1.3266   0.0000   2.9352
  -3.000   0.1504   0.00733   0.00177  -0.0990  0.6046  0.1813  -1.0496   0.0000   0.9255
  -2.000   0.2623   0.00726   0.00170  -0.0987  0.5643  0.2208  -0.8094   0.0000   0.6314
  -1.000   0.3743   0.00724   0.00170  -0.0984  0.5288  0.2680  -0.8825   0.0000   0.5133
   0.000   0.4860   0.00726   0.00178  -0.0982  0.4982  0.3247  -0.9771   0.0000   0.4494
   1.000   0.5972   0.00724   0.00191  -0.0979  0.4728  0.4063  -1.0802   0.0000   0.4093
   2.000   0.7064   0.00707   0.00213  -0.0974  0.4505  0.5757  -1.1925   0.0000   0.3816
   3.000   0.8146   0.00709   0.00245  -0.0967  0.4281  0.7191  -1.3177   0.0000   0.3609
   4.000   0.9194   0.00711   0.00285  -0.0951  0.4049  0.8796  -1.4584   0.0000   0.3442
   5.000   1.0240   0.00754   0.00336  -0.0934  0.3748  0.9876  -1.6249   0.0000   0.3305
   6.000   1.1395   0.00827   0.00391  -0.0948  0.3381  0.9998  -1.8423   0.0000   0.3211
   7.000   1.2199   0.00911   0.00457  -0.0889  0.2999  0.9998  -2.0691   0.0000   0.3092
   8.000   1.3012   0.01028   0.00553  -0.0837  0.2584  0.9998  -2.3415   0.0000   0.2991
   9.000   1.3786   0.01175   0.00681  -0.0784  0.2162  0.9998  -2.6477   0.0000   0.2900
  10.000   1.4481   0.01368   0.00853  -0.0725  0.1760  0.9998  -2.9790   0.0000   0.2814
  11.000   1.5096   0.01614   0.01083  -0.0661  0.1408  0.9998  -3.3256   0.0000   0.2733
  12.000   1.5637   0.01924   0.01381  -0.0597  0.1128  0.9998  -3.6822   0.0000   0.2657
  13.000   1.6115   0.02304   0.01757  -0.0538  0.0921  0.9998  -4.0550   0.0000   0.2588
  14.000   1.6506   0.02788   0.02241  -0.0483  0.0760  0.9998  -4.4225   0.0000   0.2525


