flow5 v7.57

 Calculated polar for: NACA 0006

 1 1 Reynolds number fixed          Mach number fixed         

 xtrf =   1.000 (top)        1.000 (bottom)
 Mach =   0.000     Re =     1.000 e 6     Ncrit =   9.000

  alpha     CL        CD       CDp       Cm    Top Xtr Bot Xtr   Cpmin    Chinge    XCp    
 ------- -------- --------- --------- -------- ------- ------- -------- --------- ---------
  -6.000  -0.6481   0.01329   0.00809  -0.0030  1.0000  0.0079  -5.7066   0.0000   0.2419
  -5.000  -0.5474   0.01022   0.00464  -0.0010  1.0000  0.0105  -4.3532   0.0000   0.2452
  -4.000  -0.4438   0.00847   0.00273   0.0005  1.0000  0.0169  -3.0715   0.0000   0.2488
  -3.000  -0.3407   0.00716   0.00159   0.0021  1.0000  0.0660  -1.9651   0.0000   0.2544
  -2.000  -0.2407   0.00530   0.00098   0.0035  1.0000  0.3988  -1.1028   0.0000   0.2632
   0.000   0.0000   0.00334   0.00086  -0.0000  0.9541  0.9541  -0.2096   0.0000   0.5078
   1.000   0.1282   0.00388   0.00082  -0.0026  0.7617  0.9962  -0.5016   0.0000   0.2694
   2.000   0.2407   0.00530   0.00098  -0.0035  0.3988  1.0000  -1.1028   0.0000   0.2632
   3.000   0.3407   0.00716   0.00159  -0.0021  0.0661  1.0000  -1.9651   0.0000   0.2544
   4.000   0.4438   0.00847   0.00273  -0.0005  0.0169  1.0000  -3.0714   0.0000   0.2488
   5.000   0.5474   0.01022   0.00464   0.0010  0.0105  1.0000  -4.3532   0.0000   0.2452
   6.000   0.6481   0.01329   0.00809   0.0030  0.0079  1.0000  -5.7067   0.0000   0.2419
   7.000   0.7260   0.02847   0.02521   0.0084  0.0090  1.0000  -5.5028   0.0000   0.2346


