flow5 v7.57

 Calculated polar for: NACA 2415

 1 1 Reynolds number fixed          Mach number fixed         

 xtrf =   1.000 (top)        1.000 (bottom)
 Mach =   0.000     Re =     0.500 e 6     Ncrit =   9.000

  alpha     CL        CD       CDp       Cm    Top Xtr Bot Xtr   Cpmin    Chinge    XCp    
 ------- -------- --------- --------- -------- ------- ------- -------- --------- ---------
  -6.000  -0.3991   0.01135   0.00505  -0.0599  0.9400  0.1331  -2.1195   0.0000   0.0875
  -5.000  -0.2923   0.01027   0.00410  -0.0584  0.9111  0.1815  -1.7059   0.0000   0.0371
  -4.000  -0.1861   0.00941   0.00339  -0.0567  0.8739  0.2458  -1.3461   0.0000  -0.0701
  -3.000  -0.0786   0.00873   0.00286  -0.0553  0.8301  0.3254  -1.0408   0.0000  -0.4789
  -2.000   0.0282   0.00815   0.00248  -0.0538  0.7795  0.4294  -0.7873   0.0000   2.2016
  -1.000   0.1331   0.00769   0.00232  -0.0519  0.7235  0.5768  -0.5841   0.0000   0.6430
   0.000   0.2373   0.00748   0.00234  -0.0496  0.6650  0.7135  -0.6680   0.0000   0.4573
   1.000   0.3403   0.00751   0.00255  -0.0468  0.6086  0.8356  -0.7714   0.0000   0.3836
   2.000   0.4442   0.00789   0.00293  -0.0438  0.5570  0.9294  -0.8959   0.0000   0.3435
   3.000   0.5742   0.00857   0.00341  -0.0470  0.5068  0.9763  -1.0761   0.0000   0.3257
   4.000   0.7359   0.00928   0.00391  -0.0577  0.4520  0.9949  -1.3584   0.0000   0.3214
   5.000   0.8473   0.00987   0.00431  -0.0583  0.3967  0.9999  -1.6617   0.0000   0.3108
   6.000   0.9260   0.01069   0.00489  -0.0520  0.3369  0.9999  -1.9744   0.0000   0.2969
   7.000   1.0035   0.01183   0.00577  -0.0456  0.2700  0.9999  -2.3334   0.0000   0.2850
   8.000   1.0807   0.01339   0.00701  -0.0396  0.2019  0.9999  -2.7375   0.0000   0.2749
   9.000   1.1533   0.01533   0.00867  -0.0334  0.1439  0.9999  -3.1731   0.0000   0.2659
  10.000   1.2144   0.01753   0.01072  -0.0256  0.1044  0.9999  -3.6237   0.0000   0.2565
  11.000   1.2705   0.02032   0.01346  -0.0184  0.0799  0.9999  -4.0820   0.0000   0.2484
  12.000   1.3178   0.02400   0.01720  -0.0117  0.0649  0.9999  -4.5531   0.0000   0.2411
  13.000   1.3572   0.02882   0.02220  -0.0063  0.0548  0.9999  -5.0062   0.0000   0.2349
  14.000   1.3836   0.03552   0.02911  -0.0023  0.0480  0.9999  -5.4303   0.0000   0.2299


