flow5 v7.57

 Calculated polar for: NACA 2410

 1 1 Reynolds number fixed          Mach number fixed         

 xtrf =   1.000 (top)        1.000 (bottom)
 Mach =   0.000     Re =     2.000 e 6     Ncrit =   9.000

  alpha     CL        CD       CDp       Cm    Top Xtr Bot Xtr   Cpmin    Chinge    XCp    
 ------- -------- --------- --------- -------- ------- ------- -------- --------- ---------
  -6.000  -0.4190   0.00779   0.00289  -0.0552  0.9518  0.0252  -3.3768   0.0000   0.1116
  -5.000  -0.3102   0.00712   0.00218  -0.0543  0.9215  0.0358  -2.5556   0.0000   0.0683
  -4.000  -0.2000   0.00656   0.00161  -0.0537  0.8819  0.0593  -1.8635   0.0000  -0.0258
  -3.000  -0.0893   0.00609   0.00118  -0.0533  0.8312  0.1092  -1.2872   0.0000  -0.3578
  -2.000   0.0216   0.00569   0.00088  -0.0530  0.7687  0.1991  -0.8388   0.0000   2.7288
  -1.000   0.1326   0.00538   0.00074  -0.0528  0.6964  0.3272  -0.5061   0.0000   0.6498
   0.000   0.2424   0.00496   0.00072  -0.0526  0.6189  0.5534  -0.4946   0.0000   0.4661
   1.000   0.3510   0.00467   0.00085  -0.0520  0.5429  0.7872  -0.5936   0.0000   0.3960
   2.000   0.4534   0.00469   0.00109  -0.0493  0.4707  0.9647  -0.7341   0.0000   0.3560
   4.000   0.6918   0.00629   0.00184  -0.0532  0.2572  0.9999  -1.5014   0.0000   0.3225
   5.000   0.7905   0.00769   0.00262  -0.0510  0.1241  0.9999  -2.0505   0.0000   0.3093
   6.000   0.8924   0.00895   0.00351  -0.0494  0.0550  0.9999  -2.7329   0.0000   0.2992
   7.000   0.9956   0.01006   0.00447  -0.0481  0.0302  0.9999  -3.5454   0.0000   0.2911
   8.000   1.0975   0.01121   0.00557  -0.0467  0.0201  0.9999  -4.4591   0.0000   0.2841
   9.000   1.1969   0.01251   0.00691  -0.0450  0.0152  0.9999  -5.4994   0.0000   0.2779
  10.000   1.2926   0.01400   0.00846  -0.0429  0.0122  0.9999  -6.6298   0.0000   0.2720
  11.000   1.3831   0.01574   0.01029  -0.0401  0.0101  0.9999  -7.8089   0.0000   0.2663
  12.000   1.4669   0.01772   0.01244  -0.0364  0.0090  0.9999  -9.0518   0.0000   0.2605
  13.000   1.5391   0.02004   0.01491  -0.0313  0.0079  0.9999  -10.3612   0.0000   0.2544
  14.000   1.5808   0.02346   0.01861  -0.0222  0.0071  0.9999  -11.4692   0.0000   0.2464


