flow5 v7.57

 Calculated polar for: NACA 6409

 1 1 Reynolds number fixed          Mach number fixed         

 xtrf =   1.000 (top)        1.000 (bottom)
 Mach =   0.000     Re =     1.000 e 6     Ncrit =   9.000

  alpha     CL        CD       CDp       Cm    Top Xtr Bot Xtr   Cpmin    Chinge    XCp    
 ------- -------- --------- --------- -------- ------- ------- -------- --------- ---------
  -6.000   0.0368   0.01067   0.00598  -0.1540  0.8771  0.0171  -4.5477   0.0000   4.5212
  -5.000   0.1487   0.00909   0.00401  -0.1543  0.8492  0.0208  -3.5244   0.0000   1.3052
  -4.000   0.2610   0.00810   0.00272  -0.1544  0.8173  0.0268  -2.6368   0.0000   0.8491
  -3.000   0.3732   0.00749   0.00192  -0.1544  0.7805  0.0383  -1.8494   0.0000   0.6675
  -2.000   0.4846   0.00717   0.00146  -0.1542  0.7377  0.0627  -1.1987   0.0000   0.5699
  -1.000   0.5951   0.00705   0.00129  -0.1540  0.6893  0.1146  -0.8050   0.0000   0.5089
   0.000   0.7046   0.00709   0.00134  -0.1537  0.6373  0.2014  -0.8856   0.0000   0.4670
   1.000   0.8133   0.00715   0.00158  -0.1534  0.5870  0.3656  -0.9704   0.0000   0.4364
   3.000   1.0247   0.00696   0.00235  -0.1516  0.5126  0.9998  -1.1569   0.0000   0.3935
   4.000   1.1322   0.00751   0.00283  -0.1511  0.4869  0.9998  -1.2662   0.0000   0.3778
   5.000   1.2368   0.00817   0.00339  -0.1501  0.4475  0.9998  -1.7002   0.0000   0.3644
   6.000   1.3377   0.00902   0.00410  -0.1486  0.3909  0.9998  -2.3722   0.0000   0.3527
   7.000   1.4146   0.01163   0.00584  -0.1432  0.2212  0.9998  -3.1039   0.0000   0.3415
   8.000   1.4623   0.01587   0.00900  -0.1331  0.0432  0.9998  -3.7845   0.0000   0.3298
   9.000   1.5199   0.01836   0.01145  -0.1244  0.0210  0.9998  -4.6342   0.0000   0.3191
  10.000   1.5718   0.02133   0.01458  -0.1159  0.0149  0.9998  -5.5085   0.0000   0.3093
  11.000   1.6137   0.02528   0.01875  -0.1073  0.0116  0.9998  -6.3726   0.0000   0.3004
  12.000   1.6377   0.03116   0.02493  -0.0986  0.0098  0.9998  -7.2114   0.0000   0.2922
  13.000   1.6584   0.03820   0.03227  -0.0919  0.0085  0.9998  -8.0946   0.0000   0.2854
  14.000   1.6444   0.04988   0.04436  -0.0859  0.0076  0.9998  -8.6850   0.0000   0.2801


