flow5 v7.57

 Calculated polar for: NACA 0018

 1 1 Reynolds number fixed          Mach number fixed         

 xtrf =   1.000 (top)        1.000 (bottom)
 Mach =   0.000     Re =     2.000 e 6     Ncrit =   9.000

  alpha     CL        CD       CDp       Cm    Top Xtr Bot Xtr   Cpmin    Chinge    XCp    
 ------- -------- --------- --------- -------- ------- ------- -------- --------- ---------
  -6.000  -0.6588   0.00810   0.00305  -0.0039  0.8456  0.1860  -1.8724   0.0000   0.2319
  -5.000  -0.5523   0.00756   0.00252  -0.0027  0.7889  0.2282  -1.5739   0.0000   0.2337
  -4.000  -0.4440   0.00714   0.00212  -0.0018  0.7271  0.2749  -1.3142   0.0000   0.2351
  -3.000  -0.3343   0.00684   0.00182  -0.0011  0.6644  0.3247  -1.0940   0.0000   0.2362
  -2.000  -0.2235   0.00663   0.00161  -0.0007  0.6029  0.3767  -0.9089   0.0000   0.2370
  -1.000  -0.1120   0.00651   0.00149  -0.0003  0.5436  0.4306  -0.7546   0.0000   0.2376
   0.000  -0.0000   0.00646   0.00145   0.0000  0.4862  0.4862  -0.6246   0.0000   0.4521
   1.000   0.1120   0.00651   0.00149   0.0003  0.4306  0.5436  -0.7546   0.0000   0.2376
   2.000   0.2235   0.00663   0.00161   0.0007  0.3767  0.6029  -0.9089   0.0000   0.2370
   3.000   0.3343   0.00684   0.00182   0.0011  0.3247  0.6644  -1.0940   0.0000   0.2362
   4.000   0.4440   0.00714   0.00212   0.0018  0.2749  0.7271  -1.3142   0.0000   0.2351
   5.000   0.5524   0.00756   0.00252   0.0027  0.2282  0.7888  -1.5740   0.0000   0.2337
   6.000   0.6589   0.00810   0.00305   0.0039  0.1860  0.8456  -1.8724   0.0000   0.2319
   7.000   0.7631   0.00879   0.00370   0.0055  0.1493  0.8949  -2.2103   0.0000   0.2298
   8.000   0.8642   0.00959   0.00446   0.0077  0.1204  0.9349  -2.5842   0.0000   0.2272
   9.000   0.9592   0.01053   0.00534   0.0109  0.0978  0.9673  -2.9857   0.0000   0.2236
  10.000   1.0609   0.01163   0.00637   0.0124  0.0806  0.9889  -3.4382   0.0000   0.2221
  11.000   1.1839   0.01301   0.00766   0.0087  0.0666  0.9954  -3.9882   0.0000   0.2252
  12.000   1.2972   0.01459   0.00916   0.0065  0.0558  1.0000  -4.5557   0.0000   0.2262
  13.000   1.3260   0.01586   0.01048   0.0208  0.0503  1.0000  -4.9355   0.0000   0.2138
  14.000   1.3890   0.01796   0.01262   0.0266  0.0449  1.0000  -5.4196   0.0000   0.2086


