flow5 v7.57

 Calculated polar for: NACA 4421

 1 1 Reynolds number fixed          Mach number fixed         

 xtrf =   1.000 (top)        1.000 (bottom)
 Mach =   0.000     Re =     0.500 e 6     Ncrit =   9.000

  alpha     CL        CD       CDp       Cm    Top Xtr Bot Xtr   Cpmin    Chinge    XCp    
 ------- -------- --------- --------- -------- ------- ------- -------- --------- ---------
  -6.000  -0.1636   0.01176   0.00508  -0.1018  0.7856  0.1850  -1.7917   0.0000  -0.4214
  -5.000  -0.0582   0.01127   0.00451  -0.1002  0.7501  0.2135  -1.5154   0.0000  -1.5821
  -4.000   0.0466   0.01091   0.00411  -0.0984  0.7118  0.2464  -1.2670   0.0000   2.4680
  -3.000   0.1510   0.01069   0.00385  -0.0965  0.6726  0.2844  -1.0458   0.0000   0.9115
  -2.000   0.2542   0.01056   0.00371  -0.0944  0.6341  0.3281  -0.8863   0.0000   0.6287
  -1.000   0.3564   0.01050   0.00367  -0.0922  0.5986  0.3822  -0.9726   0.0000   0.5095
   0.000   0.4567   0.01036   0.00376  -0.0898  0.5668  0.4737  -1.0642   0.0000   0.4435
   1.000   0.5559   0.01031   0.00404  -0.0872  0.5393  0.6093  -1.1627   0.0000   0.4010
   2.000   0.6544   0.01040   0.00445  -0.0842  0.5149  0.7315  -1.2695   0.0000   0.3707
   3.000   0.7480   0.01065   0.00501  -0.0800  0.4927  0.8580  -1.3835   0.0000   0.3471
   4.000   0.8495   0.01127   0.00574  -0.0773  0.4703  0.9666  -1.5158   0.0000   0.3294
   5.000   1.0095   0.01228   0.00665  -0.0881  0.4452  0.9997  -1.7131   0.0000   0.3243
   6.000   1.0518   0.01278   0.00706  -0.0750  0.4243  0.9997  -1.8308   0.0000   0.3066
   7.000   1.1252   0.01377   0.00797  -0.0687  0.4003  0.9997  -1.9956   0.0000   0.2946
   8.000   1.1998   0.01510   0.00925  -0.0633  0.3736  0.9997  -2.1859   0.0000   0.2845
   9.000   1.2710   0.01687   0.01099  -0.0582  0.3451  0.9997  -2.3983   0.0000   0.2757
  10.000   1.3356   0.01922   0.01332  -0.0529  0.3151  0.9997  -2.6272   0.0000   0.2676
  11.000   1.3900   0.02242   0.01648  -0.0473  0.2849  0.9997  -2.8640   0.0000   0.2599
  12.000   1.4354   0.02659   0.02063  -0.0418  0.2553  0.9997  -3.1049   0.0000   0.2529
  13.000   1.4711   0.03200   0.02605  -0.0369  0.2265  0.9997  -3.3451   0.0000   0.2466
  14.000   1.4924   0.03917   0.03324  -0.0324  0.2001  0.9997  -3.5688   0.0000   0.2408


