flow5 v7.57

 Calculated polar for: NACA 0015

 1 1 Reynolds number fixed          Mach number fixed         

 xtrf =   1.000 (top)        1.000 (bottom)
 Mach =   0.000     Re =     2.000 e 6     Ncrit =   9.000

  alpha     CL        CD       CDp       Cm    Top Xtr Bot Xtr   Cpmin    Chinge    XCp    
 ------- -------- --------- --------- -------- ------- ------- -------- --------- ---------
  -6.000  -0.6564   0.00800   0.00300  -0.0043  0.9261  0.1310  -2.0446   0.0000   0.2341
  -5.000  -0.5508   0.00728   0.00239  -0.0029  0.8782  0.1801  -1.6542   0.0000   0.2362
  -4.000  -0.4430   0.00672   0.00190  -0.0018  0.8172  0.2409  -1.3212   0.0000   0.2378
  -3.000  -0.3338   0.00631   0.00154  -0.0011  0.7468  0.3083  -1.0460   0.0000   0.2392
  -2.000  -0.2233   0.00605   0.00130  -0.0006  0.6721  0.3783  -0.8250   0.0000   0.2402
  -1.000  -0.1119   0.00589   0.00116  -0.0002  0.5970  0.4505  -0.6529   0.0000   0.2409
   0.000  -0.0000   0.00585   0.00112   0.0000  0.5228  0.5228  -0.5181   0.0000   0.4444
   1.000   0.1119   0.00589   0.00116   0.0002  0.4505  0.5970  -0.6529   0.0000   0.2409
   2.000   0.2233   0.00605   0.00130   0.0006  0.3783  0.6721  -0.8250   0.0000   0.2402
   3.000   0.3339   0.00631   0.00154   0.0011  0.3083  0.7467  -1.0460   0.0000   0.2392
   4.000   0.4430   0.00672   0.00190   0.0018  0.2409  0.8172  -1.3212   0.0000   0.2378
   5.000   0.5508   0.00728   0.00239   0.0029  0.1801  0.8782  -1.6542   0.0000   0.2362
   6.000   0.6564   0.00800   0.00300   0.0043  0.1310  0.9261  -2.0447   0.0000   0.2341
   7.000   0.7591   0.00882   0.00372   0.0064  0.0957  0.9619  -2.4870   0.0000   0.2314
   8.000   0.8654   0.00976   0.00454   0.0074  0.0714  0.9852  -2.9947   0.0000   0.2303
   9.000   0.9914   0.01089   0.00556   0.0038  0.0541  0.9932  -3.6105   0.0000   0.2341
  10.000   1.1194   0.01213   0.00672  -0.0006  0.0430  0.9977  -4.3147   0.0000   0.2373
  11.000   1.2238   0.01336   0.00792  -0.0003  0.0358  1.0000  -4.9954   0.0000   0.2356
  12.000   1.2908   0.01455   0.00914   0.0078  0.0314  1.0000  -5.6198   0.0000   0.2279
  13.000   1.3652   0.01604   0.01069   0.0136  0.0277  1.0000  -6.2981   0.0000   0.2224
  14.000   1.4258   0.01803   0.01275   0.0209  0.0247  1.0000  -6.9466   0.0000   0.2160


