flow5 v7.57

 Calculated polar for: NACA 4424

 1 1 Reynolds number fixed          Mach number fixed         

 xtrf =   1.000 (top)        1.000 (bottom)
 Mach =   0.000     Re =     0.500 e 6     Ncrit =   9.000

  alpha     CL        CD       CDp       Cm    Top Xtr Bot Xtr   Cpmin    Chinge    XCp    
 ------- -------- --------- --------- -------- ------- ------- -------- --------- ---------
  -6.000  -0.1558   0.01231   0.00547  -0.0997  0.7409  0.2244  -1.7098   0.0000  -0.4549
  -5.000  -0.0563   0.01192   0.00502  -0.0970  0.7054  0.2493  -1.4837   0.0000  -1.6195
  -4.000   0.0433   0.01167   0.00468  -0.0942  0.6693  0.2769  -1.2771   0.0000   2.5714
  -3.000   0.1419   0.01152   0.00448  -0.0913  0.6342  0.3076  -1.0894   0.0000   0.9240
  -2.000   0.2397   0.01146   0.00437  -0.0882  0.6016  0.3421  -0.9785   0.0000   0.6282
  -1.000   0.3366   0.01142   0.00437  -0.0851  0.5719  0.3827  -1.0651   0.0000   0.5041
   0.000   0.4322   0.01139   0.00445  -0.0818  0.5461  0.4400  -1.1573   0.0000   0.4355
   1.000   0.5250   0.01139   0.00470  -0.0781  0.5230  0.5315  -1.2544   0.0000   0.3914
   2.000   0.6146   0.01149   0.00508  -0.0737  0.5019  0.6279  -1.3566   0.0000   0.3599
   3.000   0.7082   0.01185   0.00566  -0.0702  0.4820  0.7211  -1.4707   0.0000   0.3369
   4.000   0.7980   0.01228   0.00644  -0.0660  0.4622  0.8247  -1.5917   0.0000   0.3184
   5.000   0.8791   0.01300   0.00740  -0.0598  0.4427  0.9434  -1.7172   0.0000   0.3017
   6.000   1.0199   0.01430   0.00867  -0.0672  0.4199  0.9982  -1.9059   0.0000   0.2981
   7.000   1.0762   0.01528   0.00953  -0.0586  0.3996  0.9997  -2.0363   0.0000   0.2846
   8.000   1.1450   0.01677   0.01099  -0.0529  0.3769  0.9997  -2.1922   0.0000   0.2744
   9.000   1.2128   0.01879   0.01297  -0.0480  0.3533  0.9997  -2.3625   0.0000   0.2658
  10.000   1.2743   0.02144   0.01558  -0.0431  0.3294  0.9997  -2.5414   0.0000   0.2579
  11.000   1.3284   0.02488   0.01899  -0.0384  0.3053  0.9997  -2.7279   0.0000   0.2508
  12.000   1.3739   0.02932   0.02341  -0.0338  0.2812  0.9997  -2.9158   0.0000   0.2442
  13.000   1.4124   0.03473   0.02886  -0.0298  0.2578  0.9997  -3.1052   0.0000   0.2383
  14.000   1.4415   0.04140   0.03559  -0.0264  0.2354  0.9997  -3.2906   0.0000   0.2329


