flow5 v7.57

 Calculated polar for: NACA 2424

 1 1 Reynolds number fixed          Mach number fixed         

 xtrf =   1.000 (top)        1.000 (bottom)
 Mach =   0.000     Re =     0.500 e 6     Ncrit =   9.000

  alpha     CL        CD       CDp       Cm    Top Xtr Bot Xtr   Cpmin    Chinge    XCp    
 ------- -------- --------- --------- -------- ------- ------- -------- --------- ---------
  -6.000  -0.3661   0.01218   0.00562  -0.0599  0.7777  0.2715  -1.7221   0.0000   0.0571
  -5.000  -0.2698   0.01169   0.00505  -0.0567  0.7370  0.3007  -1.5125   0.0000   0.0076
  -4.000  -0.1719   0.01132   0.00464  -0.0538  0.6951  0.3327  -1.3215   0.0000  -0.1018
  -3.000  -0.0733   0.01107   0.00433  -0.0509  0.6542  0.3682  -1.1475   0.0000  -0.5092
  -2.000   0.0249   0.01087   0.00413  -0.0479  0.6154  0.4086  -0.9914   0.0000   2.2944
  -1.000   0.1230   0.01073   0.00404  -0.0449  0.5796  0.4579  -0.8896   0.0000   0.6241
   0.000   0.2207   0.01070   0.00408  -0.0419  0.5475  0.5163  -0.9880   0.0000   0.4360
   1.000   0.3185   0.01073   0.00423  -0.0388  0.5178  0.5773  -1.0954   0.0000   0.3632
   2.000   0.4155   0.01086   0.00448  -0.0357  0.4900  0.6383  -1.2125   0.0000   0.3242
   3.000   0.5102   0.01108   0.00484  -0.0321  0.4632  0.7001  -1.3396   0.0000   0.2992
   4.000   0.5975   0.01138   0.00530  -0.0271  0.4370  0.7655  -1.4739   0.0000   0.2798
   5.000   0.6835   0.01189   0.00600  -0.0220  0.4105  0.8348  -1.6210   0.0000   0.2650
   6.000   0.7651   0.01268   0.00696  -0.0161  0.3835  0.9054  -1.7798   0.0000   0.2522
   7.000   0.8505   0.01392   0.00822  -0.0114  0.3556  0.9660  -1.9588   0.0000   0.2431
   8.000   0.9876   0.01581   0.00997  -0.0189  0.3240  0.9907  -2.2132   0.0000   0.2478
   9.000   1.0830   0.01756   0.01163  -0.0194  0.2957  0.9998  -2.4446   0.0000   0.2451
  10.000   1.1068   0.01940   0.01338  -0.0067  0.2730  0.9998  -2.6026   0.0000   0.2310
  11.000   1.1565   0.02220   0.01614  -0.0002  0.2493  0.9998  -2.8055   0.0000   0.2232
  12.000   1.2056   0.02589   0.01981   0.0045  0.2267  0.9998  -3.0188   0.0000   0.2171
  13.000   1.2492   0.03059   0.02454   0.0084  0.2058  0.9998  -3.2333   0.0000   0.2120
  14.000   1.2844   0.03649   0.03049   0.0114  0.1868  0.9998  -3.4422   0.0000   0.2075


