flow5 v7.57

 Calculated polar for: NACA 4421

 1 1 Reynolds number fixed          Mach number fixed         

 xtrf =   1.000 (top)        1.000 (bottom)
 Mach =   0.000     Re =     1.000 e 6     Ncrit =   9.000

  alpha     CL        CD       CDp       Cm    Top Xtr Bot Xtr   Cpmin    Chinge    XCp    
 ------- -------- --------- --------- -------- ------- ------- -------- --------- ---------
  -6.000  -0.1759   0.00960   0.00355  -0.0991  0.7351  0.1597  -1.8172   0.0000  -0.3590
  -5.000  -0.0686   0.00925   0.00316  -0.0978  0.6976  0.1847  -1.5348   0.0000  -1.2703
  -4.000   0.0385   0.00903   0.00289  -0.0965  0.6587  0.2137  -1.2809   0.0000   2.8808
  -3.000   0.1451   0.00889   0.00272  -0.0950  0.6199  0.2470  -1.0550   0.0000   0.9280
  -2.000   0.2514   0.00885   0.00266  -0.0936  0.5831  0.2849  -0.8868   0.0000   0.6294
  -1.000   0.3566   0.00886   0.00268  -0.0919  0.5497  0.3292  -0.9750   0.0000   0.5084
   0.000   0.4611   0.00889   0.00277  -0.0903  0.5210  0.3848  -1.0693   0.0000   0.4425
   1.000   0.5641   0.00880   0.00295  -0.0884  0.4964  0.4888  -1.1704   0.0000   0.4009
   2.000   0.6662   0.00879   0.00326  -0.0865  0.4748  0.6128  -1.2801   0.0000   0.3718
   3.000   0.7606   0.00894   0.00366  -0.0829  0.4543  0.7251  -1.3951   0.0000   0.3491
   4.000   0.8575   0.00912   0.00422  -0.0798  0.4342  0.8548  -1.5245   0.0000   0.3315
   5.000   0.9525   0.00969   0.00496  -0.0761  0.4129  0.9775  -1.6683   0.0000   0.3167
   6.000   1.0669   0.01049   0.00565  -0.0777  0.3874  0.9997  -1.8490   0.0000   0.3081
   8.000   1.2304   0.01266   0.00761  -0.0686  0.3323  0.9997  -2.2268   0.0000   0.2876
   9.000   1.3082   0.01427   0.00913  -0.0642  0.3020  0.9997  -2.4525   0.0000   0.2792
  10.000   1.3771   0.01646   0.01121  -0.0593  0.2710  0.9997  -2.6948   0.0000   0.2712
  11.000   1.4402   0.01917   0.01384  -0.0543  0.2407  0.9997  -2.9521   0.0000   0.2639
  12.000   1.4910   0.02285   0.01744  -0.0488  0.2114  0.9997  -3.2122   0.0000   0.2568
  13.000   1.5341   0.02746   0.02202  -0.0437  0.1848  0.9997  -3.4756   0.0000   0.2503
  14.000   1.5660   0.03344   0.02799  -0.0390  0.1608  0.9997  -3.7329   0.0000   0.2444


