flow5 v7.57

 Calculated polar for: NACA 0021

 1 1 Reynolds number fixed          Mach number fixed         

 xtrf =   1.000 (top)        1.000 (bottom)
 Mach =   0.000     Re =     0.500 e 6     Ncrit =   9.000

  alpha     CL        CD       CDp       Cm    Top Xtr Bot Xtr   Cpmin    Chinge    XCp    
 ------- -------- --------- --------- -------- ------- ------- -------- --------- ---------
  -6.000  -0.6040   0.01153   0.00557  -0.0160  0.8953  0.3090  -1.7518   0.0000   0.2071
  -5.000  -0.5086   0.01080   0.00483  -0.0123  0.8470  0.3487  -1.5282   0.0000   0.2101
  -4.000  -0.4095   0.01025   0.00424  -0.0094  0.7944  0.3903  -1.3265   0.0000   0.2119
  -3.000  -0.3085   0.00987   0.00381  -0.0068  0.7391  0.4340  -1.1482   0.0000   0.2134
  -2.000  -0.2059   0.00964   0.00352  -0.0045  0.6838  0.4799  -0.9912   0.0000   0.2139
  -1.000  -0.1033   0.00949   0.00335  -0.0022  0.6293  0.5273  -0.8535   0.0000   0.2147
   0.000  -0.0000   0.00945   0.00329   0.0000  0.5772  0.5772  -0.7321   0.0000   0.4622
   1.000   0.1033   0.00949   0.00335   0.0022  0.5273  0.6293  -0.8535   0.0000   0.2147
   2.000   0.2059   0.00964   0.00352   0.0045  0.4799  0.6837  -0.9912   0.0000   0.2139
   3.000   0.3086   0.00987   0.00381   0.0068  0.4340  0.7391  -1.1483   0.0000   0.2134
   4.000   0.4095   0.01025   0.00424   0.0094  0.3903  0.7944  -1.3265   0.0000   0.2120
   5.000   0.5087   0.01080   0.00483   0.0123  0.3487  0.8470  -1.5283   0.0000   0.2101
   6.000   0.6041   0.01153   0.00557   0.0160  0.3090  0.8953  -1.7519   0.0000   0.2071
   7.000   0.6943   0.01252   0.00653   0.0206  0.2720  0.9364  -1.9972   0.0000   0.2031
   8.000   0.7949   0.01386   0.00777   0.0225  0.2363  0.9674  -2.2820   0.0000   0.2035
   9.000   0.9277   0.01565   0.00940   0.0166  0.2006  0.9829  -2.6457   0.0000   0.2133
  10.000   1.0593   0.01762   0.01124   0.0099  0.1695  0.9949  -3.0460   0.0000   0.2209
  11.000   1.1068   0.01939   0.01298   0.0183  0.1497  1.0000  -3.3241   0.0000   0.2121
  12.000   1.1185   0.02157   0.01520   0.0325  0.1351  1.0000  -3.5461   0.0000   0.1976
  13.000   1.1532   0.02529   0.01893   0.0396  0.1211  1.0000  -3.8178   0.0000   0.1903
  14.000   1.1932   0.03007   0.02381   0.0435  0.1086  1.0000  -4.1087   0.0000   0.1862


